lp_w,Pf_Ps,alpha,trap_frac,mean_vx
0.25,0.125,1.1093800582825772,0.11004,0.13533317586114213
0.25,0.25,1.3831267319089666,0.11166,0.047651306668911896
0.25,0.375,1.5781802406123073,0.1101,0.4601108822392784
0.25,0.5,1.6704701238856874,0.11004,0.9617288574685197
0.25,0.625,1.7601930461237945,0.11072,1.0385772711301622
0.25,0.75,1.8212198291799868,0.10866,1.1257753139831514
0.25,0.875,1.8130500980985276,0.10642,1.391892063288796
0.25,1.0,1.8866010672949531,0.10816,1.4046530903572503
0.25,1.125,1.8838555859710049,0.10818,1.7089844371510021
0.25,1.25,1.9163753274423736,0.10378,1.9279598011710983
0.25,1.375,1.9130297324661019,0.1028,2.287358785421005
0.25,1.5,1.9180413313144626,0.10236,2.2836762298394078
0.25,1.625,1.950123475356114,0.10104,2.563154751577693
0.25,1.75,1.9716859676191811,0.09968,2.864539987726025
0.25,1.875,1.9563044153568636,0.10016,3.152669980268799
0.25,2.0,1.9554542325230488,0.0978,3.351821380252694
0.5,0.125,1.1031635917552811,0.19338,0.4022274693953183
0.5,0.25,1.2396148059208507,0.18832,0.5961737330345565
0.5,0.375,1.342316659233136,0.1918,0.403366333143339
0.5,0.5,1.4559716539213974,0.1846,0.9401432659951208
0.5,0.625,1.615521711080892,0.17912,1.5461009297037152
0.5,0.75,1.6558538578309276,0.17884,1.2287709695965499
0.5,0.875,1.7389568069043537,0.1744,1.478912059320641
0.5,1.0,1.7959018919260803,0.16926,1.8833309324929224
0.5,1.125,1.8568658261405946,0.16446,2.400511840553038
0.5,1.25,1.8902184715521555,0.16168,2.5838820655845938
0.5,1.375,1.904278255530801,0.15798,2.9819918763043103
0.5,1.5,1.908323405368138,0.14926,3.5370580715334845
0.5,1.625,1.9393921741502824,0.1486,3.760243583570858
0.5,1.75,1.9502830200942631,0.1409,4.4989531815645645
0.5,1.875,1.952946422572872,0.13964,4.4043586309802345
0.5,2.0,1.9323091628442939,0.13704,5.229642942626441
0.75,0.125,0.9737472536333532,0.24772,0.187940407847101
0.75,0.25,1.016631077511788,0.2441,0.18429819238952824
0.75,0.375,0.9613306352884294,0.24152,-0.0852107850332026
0.75,0.5,1.059557375041627,0.2393,0.5108479232251918
0.75,0.625,1.0518879968588675,0.23004,0.23920672940590962
0.75,0.75,1.361345421513301,0.22322,0.8456689900324331
0.75,0.875,1.5668107916566838,0.2184,0.7860814005530429
0.75,1.0,1.6381096403371065,0.21156,1.6702511409164031
0.75,1.125,1.7589186033636708,0.19776,2.190053885766801
0.75,1.25,1.8412199076483762,0.19608,2.5086541865811998
0.75,1.375,1.8429512861074868,0.18448,3.657808557538485
0.75,1.5,1.9071300899983088,0.17884,4.233541530480973
0.75,1.625,1.9030466843672662,0.16858,5.02363101196206
0.75,1.75,1.9388385648130146,0.16488,5.538157721263181
0.75,1.875,1.9488092258314675,0.16166,6.037371889871203
0.75,2.0,1.9539926063355744,0.15524,6.845119442308241
1.0,0.125,1.121691838180096,0.2856,-0.16058209456201397
1.0,0.25,1.2264591201474497,0.2855,-1.0820000716656737
1.0,0.375,1.305145758313903,0.27542,-0.6104213923183878
1.0,0.5,1.3676202185118345,0.27078,-0.949617522480631
1.0,0.625,1.2075732493241582,0.26002,-0.5986283143849371
1.0,0.75,1.0520328019721932,0.25338,-0.5331683803033019
1.0,0.875,1.0193896858104208,0.2413,0.3035298177858864
1.0,1.0,1.3930344179599252,0.23282,0.7579350240185456
1.0,1.125,1.689392211106889,0.22216,1.4489080649754016
1.0,1.25,1.77417270067281,0.21072,2.408018705950185
1.0,1.375,1.815604518875807,0.20676,3.292295847465332
1.0,1.5,1.8655115477488289,0.19628,4.395135583556314
1.0,1.625,1.9214145581592115,0.1898,5.166161113549963
1.0,1.75,1.949405150563185,0.18506,6.06548281067895
1.0,1.875,1.945429396655551,0.17558,7.362463906252584
1.0,2.0,1.965474713661137,0.17126,8.110478413053814
1.25,0.125,1.2498948570892487,0.31298,-0.6450755609065497
1.25,0.25,1.625736524304736,0.31034,-1.6385504579450847
1.25,0.375,1.7320660515167627,0.30276,-2.1775153728532346
1.25,0.5,1.8092382102543925,0.29026,-2.3226588103700436
1.25,0.625,1.7741924008569958,0.28214,-2.04120601932588
1.25,0.75,1.704406107973003,0.2665,-1.262487483729856
1.25,0.875,1.3253335520817278,0.25366,-0.2935118186208293
1.25,1.0,1.021710980673336,0.24636,0.04274350626951226
1.25,1.125,1.4871980723106806,0.23672,1.3983484660354375
1.25,1.25,1.634161668168445,0.22798,2.3427106560147886
1.25,1.375,1.821134784709389,0.2209,3.1723764687674025
1.25,1.5,1.883240637542865,0.20954,4.57735026784774
1.25,1.625,1.9073088518767836,0.20148,5.616894142037232
1.25,1.75,1.9390480771284295,0.19966,6.571465387302402
1.25,1.875,1.958136775936276,0.189,8.297637917946062
1.25,2.0,1.9454205587976918,0.18088,9.24654411219436
1.5,0.125,1.476055569380325,0.3355,-1.775393719462371
1.5,0.25,1.7728653148549791,0.33422,-3.6660399483616213
1.5,0.375,1.8954300437165668,0.32258,-3.473781887994373
1.5,0.5,1.9294861827925944,0.3122,-3.6619459470109055
1.5,0.625,1.9461238283785756,0.29696,-3.5136491260441765
1.5,0.75,1.8897430907501742,0.28552,-2.902726597627437
1.5,0.875,1.800980081285496,0.2681,-1.2120175740939174
1.5,1.0,1.3171175674263527,0.2623,-0.4570643227545282
1.5,1.125,1.1878946291716233,0.24854,0.9493205756550418
1.5,1.25,1.5634980398509963,0.24004,1.5971221862788179
1.5,1.375,1.767955367888288,0.23266,3.0454877632084396
1.5,1.5,1.8574904353690826,0.22166,4.710160102966296
1.5,1.625,1.903836161918447,0.21522,5.93459701525299
1.5,1.75,1.932729495117453,0.2066,7.312623904026806
1.5,1.875,1.9517396543829515,0.2002,8.700143313864993
1.5,2.0,1.960334494579466,0.19208,10.151450729399228
1.75,0.125,1.5771927500660226,0.35096,-2.8801889940497216
1.75,0.25,1.8916790638439345,0.35256,-5.056958259130987
1.75,0.375,1.9928387695107912,0.34334,-5.795419799152753
1.75,0.5,2.003849471606739,0.32748,-5.730794125375111
1.75,0.625,2.0340285514546212,0.31158,-4.681208559946118
1.75,0.75,2.020792645381451,0.29906,-3.8841897610122045
1.75,0.875,1.9629579866679219,0.2814,-2.3702692378846857
1.75,1.0,1.796416370319425,0.27412,-1.677701971567024
1.75,1.125,0.9617583700886783,0.25974,0.012680815331625845
1.75,1.25,1.455175091564989,0.2516,1.6675582229710306
1.75,1.375,1.7124252348941522,0.24514,2.6632180779538954
1.75,1.5,1.840720908618362,0.23242,4.680978993506647
1.75,1.625,1.9123132108404761,0.22206,6.186362790788278
1.75,1.75,1.9487504828023767,0.21804,7.497889557421061
1.75,1.875,1.943618902725244,0.20744,9.728136660013606
1.75,2.0,1.9582006602583306,0.19936,11.254661835411225
2.0,0.125,1.6806363035708196,0.36502,-3.9437638905334267
2.0,0.25,1.9902588692945409,0.36776,-6.917721106501019
2.0,0.375,2.0124497799429606,0.35316,-7.356645462637708
2.0,0.5,2.0403286520410058,0.3442,-7.183925567765715
2.0,0.625,2.0511689895623273,0.3246,-6.247514294736901
2.0,0.75,2.063282804665521,0.31248,-5.594857683632038
2.0,0.875,2.0348750415709627,0.2923,-3.5608854629596336
2.0,1.0,1.9307587012752416,0.28192,-2.695899608872772
2.0,1.125,1.5362015218815726,0.27304,-0.6773272243953349
2.0,1.25,1.1958257360439488,0.25962,1.07850136038221
2.0,1.375,1.7041819025766167,0.25108,2.4870003838028945
2.0,1.5,1.8401888000559636,0.24032,4.4751386032242815
2.0,1.625,1.9002462199387424,0.22934,6.38366589378837
2.0,1.75,1.929691362989277,0.22226,8.022770220496698
2.0,1.875,1.9555417606089394,0.21426,10.16759286913985
2.0,2.0,1.951647885985075,0.20494,12.069017136449194
2.25,0.125,1.7780408486503945,0.37902,-5.182581228262948
2.25,0.25,1.9826932753829962,0.3817,-8.496200395137354
2.25,0.375,2.0322848143374364,0.36744,-9.462229899318777
2.25,0.5,2.049868481165293,0.35218,-8.761180909981038
2.25,0.625,2.039696991673016,0.33684,-8.437294626029674
2.25,0.75,2.0545770193227773,0.32534,-6.746930434776514
2.25,0.875,2.045352635318223,0.30734,-4.887859010019587
2.25,1.0,2.0275196219492986,0.29298,-3.502122568790493
2.25,1.125,1.83840186306157,0.27986,-1.775815647395409
2.25,1.25,0.9261891391647905,0.26826,0.4865597606266947
2.25,1.375,1.5895231584251863,0.26094,1.9323269530988227
2.25,1.5,1.8389235865307973,0.2503,4.231555443298852
2.25,1.625,1.9197458258593205,0.23976,6.338739254399277
2.25,1.75,1.9393746063758956,0.23164,8.084238083279324
2.25,1.875,1.9518432326901085,0.21914,10.691124843927202
2.25,2.0,1.9559197175978564,0.21666,12.427316387610203
2.5,0.125,1.8194273740293498,0.38924,-6.457641838620813
2.5,0.25,2.0062823558202485,0.3962,-10.147008609838691
2.5,0.375,2.030592191304152,0.38016,-11.465259567729555
2.5,0.5,2.0359295108628213,0.36566,-10.782510635354498
2.5,0.625,2.0463045837135643,0.34522,-9.648997167002426
2.5,0.75,2.050391215644109,0.33516,-8.204935171162347
2.5,0.875,2.04142171777236,0.31454,-5.994443839914917
2.5,1.0,2.0358286625153106,0.3005,-4.228015538436487
2.5,1.125,1.9350623078585585,0.29298,-2.345870731272634
2.5,1.25,1.1460773243795415,0.27608,-0.19845590900038515
2.5,1.375,1.602392680139717,0.26582,2.2866473788982122
2.5,1.5,1.804609915697426,0.25598,4.022998502867272
2.5,1.625,1.8973833332825918,0.24678,6.4604205763653795
2.5,1.75,1.95511202681977,0.23604,8.602537257952456
2.5,1.875,1.9597253137988573,0.22594,11.155267751334819
2.5,2.0,1.9626513797416403,0.21298,13.397573900685277
2.75,0.125,1.8363843063534138,0.40608,-7.9902655204630095
2.75,0.25,2.0174049797582554,0.40994,-12.585083057527415
2.75,0.375,2.0450554664718874,0.39228,-13.176867453827949
2.75,0.5,2.0332007211987073,0.37498,-12.313419146333597
2.75,0.625,2.0400998751321744,0.35826,-11.634906070201989
2.75,0.75,2.039052967798184,0.34126,-9.24944492771952
2.75,0.875,2.064538341749868,0.32942,-7.592596347681606
2.75,1.0,2.03066063804053,0.30662,-4.891426206048053
2.75,1.125,2.006661432980355,0.29724,-2.905972378475697
2.75,1.25,1.4673875805453722,0.28716,-1.0450510234803125
2.75,1.375,1.4619309790903454,0.27388,1.6338233317728943
2.75,1.5,1.8167261631992235,0.26028,4.272201734207062
2.75,1.625,1.8980363656353023,0.25252,6.437148161097513
2.75,1.75,1.934192825609673,0.24372,8.929406317026885
2.75,1.875,1.951711221523801,0.22972,11.459418908735138
2.75,2.0,1.9566510232729342,0.22184,14.416848393155961
3.0,0.125,1.9126135119242262,0.4201,-9.778821832955002
3.0,0.25,2.02147935436754,0.42338,-14.485565174503304
3.0,0.375,2.0460062130751724,0.40732,-15.081792951260857
3.0,0.5,2.0433032916083897,0.38808,-14.419496055849336
3.0,0.625,2.044489452085559,0.369,-12.81261103170106
3.0,0.75,2.0362091283889168,0.34926,-11.06737838876084
3.0,0.875,2.0370209032187554,0.3369,-8.954352331241635
3.0,1.0,2.0450718466445994,0.32278,-6.4972282107597135
3.0,1.125,2.0310842877766904,0.30558,-3.492910261341398
3.0,1.25,1.7344941338952033,0.29204,-1.4035048963030148
3.0,1.375,1.3043926665603243,0.28148,0.9838668156108523
3.0,1.5,1.8271947686634686,0.27,3.863638379712474
3.0,1.625,1.8858914286506745,0.25964,6.6306660011701135
3.0,1.75,1.9340974801740813,0.24632,9.319942125383452
3.0,1.875,1.9568002516158356,0.23776,11.954397967496037
3.0,2.0,1.969769435052017,0.22778,14.443323618556247
3.25,0.125,1.9331309675217094,0.43044,-11.481875554077273
3.25,0.25,2.027229590746086,0.43488,-16.609404669885343
3.25,0.375,2.040947724758801,0.41984,-16.89581280414475
3.25,0.5,2.050172055912351,0.40036,-15.992412804126106
3.25,0.625,2.0392970537373296,0.3789,-14.136685835407635
3.25,0.75,2.0356284260043953,0.36252,-12.231240474757355
3.25,0.875,2.0301393212354846,0.34698,-9.815374582276466
3.25,1.0,2.0373422607806937,0.32826,-7.196927977996289
3.25,1.125,2.051116366710943,0.31272,-4.621422504223256
3.25,1.25,1.8950193317337947,0.30236,-1.8732049161327842
3.25,1.375,1.0396350972437356,0.29356,0.5133062771181219
3.25,1.5,1.7805626001602672,0.27476,3.345470164221139
3.25,1.625,1.8976929295316418,0.26392,6.360417052387665
3.25,1.75,1.9539405155172438,0.2526,9.463964833461956
3.25,1.875,1.9658565451953536,0.2428,12.577867806145845
3.25,2.0,1.9635587750402714,0.23426,15.137620444870668
3.5,0.125,1.9552380770177094,0.44512,-13.558669549660143
3.5,0.25,2.0353545948486893,0.4482,-18.73901304324373
3.5,0.375,2.0361081405265686,0.43028,-19.002912234777845
3.5,0.5,2.0374050608943604,0.40828,-17.664731482951964
3.5,0.625,2.038621338908496,0.39176,-15.60784196130505
3.5,0.75,2.034059035146849,0.36786,-13.511075063183748
3.5,0.875,2.044251786691584,0.3534,-10.78632965152799
3.5,1.0,2.0527685477126507,0.33502,-7.876716508802148
3.5,1.125,2.037607614209563,0.32284,-5.647129385405381
3.5,1.25,1.9374659433781016,0.30598,-2.357862068534927
3.5,1.375,0.9516364101211058,0.29382,0.48275605278387923
3.5,1.5,1.7777387838831376,0.28146,3.5992041261985794
3.5,1.625,1.8811841845617554,0.26896,6.619329840932428
3.5,1.75,1.9309964547363454,0.26174,9.559599757896553
3.5,1.875,1.9640588706953244,0.24562,12.907251789028658
3.5,2.0,1.9610325929880623,0.23696,15.723277061008886
3.75,0.125,1.9718666488757524,0.45396,-15.52133470746902
3.75,0.25,2.0340874190325335,0.45944,-21.329440103131443
3.75,0.375,2.0335509474227234,0.44122,-21.281463072874214
3.75,0.5,2.0305629432192562,0.41696,-19.27524652941664
3.75,0.625,2.0363641795432623,0.3953,-17.054573289891398
3.75,0.75,2.0433638713229056,0.38028,-14.569763296169747
3.75,0.875,2.0255811454457624,0.35644,-12.04069862027528
3.75,1.0,2.040810452014479,0.3416,-8.877194292789689
3.75,1.125,2.046113163278489,0.33044,-6.01929384464096
3.75,1.25,2.0319865012853433,0.31426,-2.975990011367072
3.75,1.375,0.908707170244181,0.29842,0.28954395674135963
3.75,1.5,1.737093200914672,0.28594,3.4511384026321297
3.75,1.625,1.895095449155834,0.27342,6.694863051879325
3.75,1.75,1.937740115400669,0.26514,9.521710027044566
3.75,1.875,1.9614770621646156,0.25388,13.294489559089756
3.75,2.0,1.9652039756577593,0.24042,16.72471713644266
4.0,0.125,1.9965321612955942,0.46898,-17.204709551420855
4.0,0.25,2.036973174502823,0.47438,-23.32822573239843
4.0,0.375,2.041174300840193,0.453,-23.389118372563743
4.0,0.5,2.0374550144346606,0.42584,-21.177282804835166
4.0,0.625,2.0309360970919217,0.4063,-18.90974825770528
4.0,0.75,2.031229108146407,0.38544,-16.290754420294686
4.0,0.875,2.038201786672714,0.36728,-12.974070401905141
4.0,1.0,2.0326652699896743,0.35384,-10.0460736727801
4.0,1.125,2.0226993421451858,0.33504,-6.779562521391911
4.0,1.25,2.000746239790487,0.3212,-3.8514738945645
4.0,1.375,1.1195718370025132,0.311,-0.3923290493682717
4.0,1.5,1.6812766734390114,0.2943,2.869068062570654
4.0,1.625,1.8897015936609536,0.27852,6.777687918040093
4.0,1.75,1.9357610271252061,0.26748,10.068972806960936
4.0,1.875,1.9557690484327797,0.25492,13.699352701961349
4.0,2.0,1.9677704972562893,0.24456,17.110709281318883
