# G = 0.0
# D = 0.01
lp_w,Pf_Ps,alpha,beta,D_eff,mean_vx
0.25,0.125,1.1676348292138148,1.0198599634650447,0.03622262613553103,0.0254649135799273
0.25,0.25,1.3740193657534243,1.060821683847762,0.03366446289662675,0.012710165517932167
0.25,0.375,1.5258833132616818,1.0277573102443318,0.037387616696842464,0.054648259764270825
0.25,0.5,1.6652651238971985,1.0122409585327543,0.04093887554641441,0.03506915210638337
0.25,0.625,1.7357152279561832,1.0374896108027487,0.038682274496203276,0.07755266388656754
0.25,0.75,1.782038087424588,1.040326817321715,0.03729578817604155,0.09250812397439745
0.25,0.875,1.8246223684850496,1.0709322382540802,0.03723262826345013,0.11143177860000116
0.25,1.0,1.8381455523966463,1.0064596217873807,0.04862335228868722,0.11605345781324246
0.25,1.125,1.8528425679194072,1.067600098231472,0.040597779608817955,0.15800215670356826
0.25,1.25,1.848488178288326,1.0265916666547008,0.05069268850729322,0.19423614733854452
0.25,1.375,1.8653523147568791,0.9635306890256112,0.06518641147510025,0.15056394075940288
0.25,1.5,1.9016812706147788,1.0834232695730817,0.046187901002731444,0.2192514081422982
0.25,1.625,1.8880697107221533,1.0484409691263668,0.053078111301682766,0.22816261074186853
0.25,1.75,1.9058791851364008,1.0506004315378208,0.055956872875804205,0.22667610651101242
0.25,1.875,1.8952868250241914,1.0845472756576229,0.05044803030501147,0.2589899384076738
0.25,2.0,1.9138574370929924,1.0634578743677299,0.06422574042123377,0.2845125056852055
0.5,0.125,1.1496638994922188,1.0503154012444966,0.11235526848469446,0.021334096690248123
0.5,0.25,1.3196246392700595,1.008257258238841,0.12375689159815531,0.06719521598734067
0.5,0.375,1.5189709451820619,1.065486012271554,0.10380268440630876,0.07690001607770813
0.5,0.5,1.6557006168865607,1.01599099429725,0.12800473362326753,0.09431174455046724
0.5,0.625,1.693986941515027,1.0181986375497785,0.12848624188084037,0.15583641454184052
0.5,0.75,1.7473208657671708,1.0141406958429315,0.14236863040029188,0.1769323961784483
0.5,0.875,1.8031587609246587,1.0100883870577229,0.14157861997250676,0.19037575882002702
0.5,1.0,1.8237157598273952,1.0497672228471957,0.1332006634444784,0.2262743399270175
0.5,1.125,1.8593710205719514,1.0278010846781047,0.1446080758287849,0.26591049444755205
0.5,1.25,1.840499505176033,0.9924215137147091,0.17512451287114034,0.2894207402819893
0.5,1.375,1.856041454963919,1.0201804824213976,0.16476592693494546,0.2841364751589296
0.5,1.5,1.8775595503544296,1.0093496751134519,0.17676172678728744,0.34514862821989534
0.5,1.625,1.8852952542178751,0.9858822476377413,0.21118956532743485,0.36078684300629077
0.5,1.75,1.8954714753948745,1.047844000358734,0.16379418697836626,0.38757374874671885
0.5,1.875,1.9065137777296968,1.0400996945605816,0.1848021271203492,0.4041316866034425
0.5,2.0,1.899363187845493,1.075764587312658,0.16973833000589608,0.4747202490683931
0.75,0.125,1.1271933221266222,1.053675870263558,0.22538385012669296,0.05325145179603632
0.75,0.25,1.337587814380939,1.1084684372734317,0.18938628807707,0.07501155228655547
0.75,0.375,1.4342703711878089,1.0268531552796787,0.2574416577971897,0.10201525401558663
0.75,0.5,1.5793459731245152,1.0079289075762734,0.27437999386344997,0.1126418428418627
0.75,0.625,1.6257404017916057,0.9932005265793943,0.32339439590722124,0.1775213662714095
0.75,0.75,1.7170372904544011,1.0789769865333545,0.23418318031284036,0.20526276963168388
0.75,0.875,1.7835517523607953,1.0473687533564624,0.2575600175534217,0.23843235818373376
0.75,1.0,1.7704435766602034,1.03821552978627,0.28076009590178663,0.3054134397313202
0.75,1.125,1.8217038701980246,1.0573810385979365,0.2897596231773971,0.33116368942583907
0.75,1.25,1.8448142154477336,1.0796111160430697,0.25228646997987836,0.34073892783064547
0.75,1.375,1.817610955725281,1.0346678561580243,0.308562505354044,0.36737367329710097
0.75,1.5,1.8621557575961816,1.0214498211033842,0.35375835100757363,0.39919469326026646
0.75,1.625,1.8651832280679117,1.0721683885370556,0.28018506936261456,0.4594984376370558
0.75,1.75,1.8762959388027427,1.0197111224276836,0.3880531179006832,0.47200271816614625
0.75,1.875,1.8611202493882153,1.0452934334328423,0.35180350652370906,0.5243858210763024
0.75,2.0,1.884880425293562,1.057049524488676,0.36098140688087565,0.5347870059880633
1.0,0.125,1.0651976902891604,1.018852683585806,0.46966279346492534,0.02767657191696292
1.0,0.25,1.2462488967617071,1.0467525371503563,0.4129726370718035,0.09050119928310914
1.0,0.375,1.4229313208275307,1.0509080374656234,0.4037930622133998,0.11293767763711328
1.0,0.5,1.5094459831830718,1.0526490314384436,0.4648801589169896,0.154569168078969
1.0,0.625,1.5859549392540058,0.9800261783748718,0.5629311902733164,0.19721703345690242
1.0,0.75,1.6658815497511088,1.0043968213753571,0.5080871222777386,0.24643472098235766
1.0,0.875,1.7468787251641869,1.0577188162371063,0.44290414565081293,0.29788735101577124
1.0,1.0,1.7578282001520311,1.0080351931623612,0.5455948086826546,0.31954033857239345
1.0,1.125,1.7787224924871243,1.0432518272551885,0.4960273546374043,0.3529683976986436
1.0,1.25,1.7916575970971573,1.0224285094368504,0.5345287083768445,0.3941358945444697
1.0,1.375,1.8297836700979921,1.0559907974609049,0.48416132915132604,0.4410050313970512
1.0,1.5,1.8455236229138936,1.0521665742243747,0.5162375063123693,0.47471427686867
1.0,1.625,1.8329848378365352,1.0145578214750781,0.652718317259467,0.5017328241626372
1.0,1.75,1.8797973604545681,1.0156646711955117,0.6032218979608274,0.5451264927554482
1.0,1.875,1.8511966501967176,1.0010947310026759,0.7222635570945198,0.6064873283470247
1.0,2.0,1.8888343781726025,1.059427414833322,0.604989196147093,0.6496462642073995
1.25,0.125,1.0757143882938247,1.0095922126920052,0.740803896797101,0.038239375011469526
1.25,0.25,1.145656929815759,0.9939505598035727,0.800044526338534,0.05349898118441087
1.25,0.375,1.331521108818489,1.0479711174228155,0.6633771393113665,0.1385665249627191
1.25,0.5,1.4350141856705347,1.0225860271106806,0.7505379438107265,0.1710965892483289
1.25,0.625,1.4906056713222207,1.0004260011312969,0.7990655355882796,0.20823628324664165
1.25,0.75,1.619979155396139,0.9898484297460064,0.8910165157618408,0.31740040700407685
1.25,0.875,1.6483510010170275,0.9852467142094075,0.8641939297059935,0.3108549380524173
1.25,1.0,1.7365948267720652,1.029489387425275,0.7448023325631724,0.35710821971483653
1.25,1.125,1.7807061224058398,0.9848830392010046,0.9054184464950255,0.3999888849103722
1.25,1.25,1.796648069765237,1.0421814272470526,0.7671566753598705,0.4105757616149307
1.25,1.375,1.7768782807419177,0.9660332232485285,1.0537958323452288,0.4935529676716802
1.25,1.5,1.8064929336840936,1.053566190952931,0.789815548951842,0.5586079697857524
1.25,1.625,1.8256087261294924,0.9799323822556414,1.0738243957035032,0.5678294918986572
1.25,1.75,1.8351010318333267,1.0243082402657309,0.971705598164546,0.6446656663078519
1.25,1.875,1.8589910150558164,0.9977028493371805,0.9986169174987721,0.6823617465959586
1.25,2.0,1.8386423467612274,1.0092944206082288,1.0738473960333348,0.7551136281097005
1.5,0.125,1.0452466538145309,0.9958999188363976,1.0810578468248815,0.03897315774622502
1.5,0.25,1.2091115146767484,1.0832733706934978,0.8205701518970901,0.07787977584608026
1.5,0.375,1.2707663496953359,0.9844263235258562,1.1591820874461545,0.16672870488520747
1.5,0.5,1.4367140371094203,1.067123604855058,0.8717567491637821,0.1856855782531936
1.5,0.625,1.5244000676908918,1.0191596280610205,1.0786067946707,0.2651429819770108
1.5,0.75,1.5642864783721673,1.025681555109764,1.0187364838755162,0.2783744020072008
1.5,0.875,1.6130831051342929,0.9392028046051545,1.3692250336606537,0.3280948658932796
1.5,1.0,1.6727591586518926,0.9830487561113438,1.299222544075985,0.41183207309266584
1.5,1.125,1.7284017531154598,1.0032584304764935,1.1589725793013543,0.4957961090582557
1.5,1.25,1.7267825694642485,1.0331534427159421,1.1491444505939883,0.5189365733983377
1.5,1.375,1.7775241362129541,1.049356462556808,1.073429957337951,0.5365810467063054
1.5,1.5,1.8135084177120144,1.071545050552124,0.9935336998973195,0.5880277645831467
1.5,1.625,1.8042754996945325,1.048985467160012,1.1679656114004922,0.6341943615256403
1.5,1.75,1.8450648922239212,1.0126256634054207,1.3308531961181223,0.6928330809847182
1.5,1.875,1.828813876248832,0.9930258565797809,1.492029401521529,0.7398328482981891
1.5,2.0,1.8407601829977454,1.024559032546876,1.447020251292297,0.8030060341789624
1.75,0.125,1.042720463967559,1.0024858396348182,1.5029951016835494,0.05101249881896863
1.75,0.25,1.1513329373580703,1.0462638217355908,1.2108489197692034,0.07653981894321238
1.75,0.375,1.3111905416475287,1.1030884385944644,1.0559914191186537,0.16480450284982387
1.75,0.5,1.3774831243586623,1.0252429225042665,1.3566654900747226,0.19631645619103325
1.75,0.625,1.5369754531362088,1.0656734749758083,1.1920560073645827,0.27505052897393
1.75,0.75,1.5322939923614143,0.9950880865243678,1.5805924369075008,0.3549856023273268
1.75,0.875,1.645013714520905,1.0276546260723165,1.4192352113170452,0.37883635584445235
1.75,1.0,1.668270072238648,1.0909082569842776,1.174537515216001,0.43883185286371035
1.75,1.125,1.6859575641189528,0.9918398881775282,1.5995498176901157,0.4882951627618737
1.75,1.25,1.7379799468313617,0.9942942221612084,1.6655799142549714,0.5403144393201621
1.75,1.375,1.760506417864347,1.007636258605793,1.6794508653853604,0.5900655318748373
1.75,1.5,1.8017883653680649,1.0342380596836238,1.6576999560046435,0.6316754532339491
1.75,1.625,1.8271036371427012,1.0464839960682797,1.5681369173935822,0.7284485029321204
1.75,1.75,1.8474163813484452,1.0645173126200294,1.5339940004257688,0.75495571953108
1.75,1.875,1.8361369360163848,1.0148644785665697,1.7382259854684952,0.8077102805756252
1.75,2.0,1.842142928836723,1.1056973086068258,1.3270202570374494,0.878483107223476
2.0,0.125,1.0213795166584454,0.9772187677733112,2.1086157411925934,0.07645986728954617
2.0,0.25,1.1660092131744888,1.0455014026831917,1.6525068764686743,0.13616471155208604
2.0,0.375,1.2545950576552385,1.0344374791747757,1.7412466484401308,0.15837129893722407
2.0,0.5,1.363821603812582,1.0124998228704356,2.0114267250204985,0.21304417361692676
2.0,0.625,1.4714129776355063,1.0671796489256464,1.5335483113695065,0.2944152088997967
2.0,0.75,1.474704088685861,0.9758361673515324,2.186869067032748,0.34040964924303696
2.0,0.875,1.5595517287125675,0.9784508926715129,2.1422803276270046,0.4253699137729402
2.0,1.0,1.6479444547525157,1.0399681237842258,1.7784001333097799,0.44981562245154016
2.0,1.125,1.696192869148026,0.9951173733214845,2.144366756418154,0.5220532200690855
2.0,1.25,1.703253084309688,1.0641509806963612,1.778141877477902,0.5702877017534858
2.0,1.375,1.7504302682381185,1.0477386684677612,1.7664851129065264,0.6301142240429535
2.0,1.5,1.7729051696607487,1.0601720919403796,1.8471486793970824,0.6871226619050674
2.0,1.625,1.7867573803572014,1.0130287063209118,2.212081743345137,0.7385119290525014
2.0,1.75,1.8025558839457176,1.0803506305637498,1.7812640913938609,0.8221979143382796
2.0,1.875,1.8072325132189238,1.053038107309422,2.002874387040005,0.8495761145187869
2.0,2.0,1.811295329368482,0.9946284686998065,2.5117657936740767,0.8994929889089514
2.25,0.125,1.0827315152132668,1.052605432917716,1.9805606909059896,0.06664902157444619
2.25,0.25,1.1569302808067112,1.0488227902556437,2.036139237371516,0.14592534957661238
2.25,0.375,1.2745304319848487,1.0615210255002399,2.1311419142292474,0.19662318906168164
2.25,0.5,1.3491214119166008,1.0408352845289137,2.254812758124818,0.23979206272783635
2.25,0.625,1.457529226140591,1.0624016726657581,1.8878769271428673,0.29699486078020093
2.25,0.75,1.4917621356248703,1.0324408671025553,2.276271923078851,0.35103019742211466
2.25,0.875,1.5409850958506452,0.991755489609122,2.5576130589311643,0.4280650610353366
2.25,1.0,1.6012310870673925,1.04190732365233,2.231384590583294,0.4710523967214115
2.25,1.125,1.6397990112599967,1.0422307022947592,2.3314859889255577,0.5129532983235711
2.25,1.25,1.6847778649551854,1.028289557351921,2.3464010472015526,0.5953925470898391
2.25,1.375,1.7174795948152923,1.006064705709154,2.5819192401845052,0.662223515772523
2.25,1.5,1.8026164047758857,1.035606734383703,2.419063580472898,0.7523202243740726
2.25,1.625,1.7827244336941062,1.0411768734338132,2.370054604170094,0.7731250027851224
2.25,1.75,1.8101791006219985,1.0628016826342195,2.409221874901325,0.8694134004876739
2.25,1.875,1.8513067890199832,1.1133558225773397,1.9487432583232291,0.921992384891035
2.25,2.0,1.8414825429007515,1.0590648086090984,2.5282876288895317,0.9946972191463233
2.5,0.125,1.055306676041874,1.028356338270433,2.6497297564005566,0.04396752221747202
2.5,0.25,1.1655431263201155,1.0595895798655168,2.4078890448172046,0.1332210641785819
2.5,0.375,1.1640692636745444,1.0060271014297968,3.040325243207622,0.1845032348331328
2.5,0.5,1.353508384081303,1.0788616899125765,2.3549075179084875,0.24585277374868736
2.5,0.625,1.4532240139548496,1.125161930497039,1.9905893989390926,0.3317732671924869
2.5,0.75,1.5649011499042578,1.0675403453833774,2.4610807413197704,0.3943511020709927
2.5,0.875,1.5985587387889542,1.0536038985409264,2.6945150236850006,0.4677421728513427
2.5,1.0,1.6160604597640003,1.0164618305759268,2.965342953409712,0.5128757833905706
2.5,1.125,1.67070096167919,1.0836945583076054,2.3761736203402926,0.5972481739136926
2.5,1.25,1.6477463748031167,0.9698622300564479,3.5820261004505354,0.6482349115952833
2.5,1.375,1.69079729360546,0.9828480293187188,3.505549318816138,0.6958277637580488
2.5,1.5,1.7267261495580957,1.0322370890236492,3.1811191389755034,0.7751223747664889
2.5,1.625,1.7668138545757708,1.0149797497638264,3.4841052363610725,0.83375874788146
2.5,1.75,1.7928779556974965,1.0506589912173783,3.082676868225294,0.8978423209754931
2.5,1.875,1.7848788514743148,1.0181258606560817,3.437441180978503,0.9822212361234018
2.5,2.0,1.7884947964310907,1.0093937992543232,3.8441935357945884,1.0342733379019138
2.75,0.125,1.0554007450925103,1.026680566995548,3.352464761855568,0.05798622967499511
2.75,0.25,1.0798061248395934,0.9728647223831528,3.860326409230833,0.1402279064933013
2.75,0.375,1.2145629962155307,1.0386943637681716,3.3505798594877336,0.2061496659300689
2.75,0.5,1.3379840384801642,1.0394275638789547,3.2411918377030258,0.29227701818568114
2.75,0.625,1.3598731971192364,0.9917681311572617,3.8317023933321765,0.3192190400891522
2.75,0.75,1.4311496049023547,1.010232994557098,3.795289825699368,0.4074526368189589
2.75,0.875,1.5426201728822728,1.0724122766503341,2.923434576718981,0.44516111611800846
2.75,1.0,1.6119448324173689,1.05910151064902,3.2541915443005522,0.5326146370537495
2.75,1.125,1.6468487088516564,1.0277310401188129,3.5889008488201015,0.6299966318747113
2.75,1.25,1.645601880401567,0.9696916441058004,4.624969654757193,0.6628616060225182
2.75,1.375,1.7310387450355413,1.039186776750591,3.607313770182182,0.7727585398160203
2.75,1.5,1.7446974801131097,1.067508681957714,2.9607394350176146,0.8210056331298135
2.75,1.625,1.7607086204295288,1.0347216205537413,3.6009978059533365,0.8772555891435588
2.75,1.75,1.801493484223739,1.0373469249598413,3.760048620002212,0.9753768658313483
2.75,1.875,1.7833241802895423,1.027827998912868,4.06169904977538,1.0014721335938819
2.75,2.0,1.7820128523268846,1.0407465264044704,3.8645561286501517,1.1035376290665229
3.0,0.125,1.040194899485783,1.0062067748054044,4.177925205377177,0.09899234379089741
3.0,0.25,1.1632241212713827,1.078557508567586,3.3272611372426284,0.11883857560729683
3.0,0.375,1.2164085693352709,1.0286754003837302,3.7691940057824485,0.22011955119050006
3.0,0.5,1.2595838798913948,0.9595733095535653,5.085062181838505,0.29546197116810213
3.0,0.625,1.3938935851142902,1.031006575822804,3.9312934060587663,0.34571427090434353
3.0,0.75,1.4629069794102099,1.0561792428819599,3.5996371626665384,0.4119413036360985
3.0,0.875,1.49672536620319,0.9848996812918657,4.978392180949482,0.5077045295925526
3.0,1.0,1.589455942032347,0.9739295877624586,5.030941337442631,0.5879846558080661
3.0,1.125,1.6209126499699693,1.0235809600780135,4.261833141037073,0.6731377321103558
3.0,1.25,1.6067464001797924,0.9834020965445281,5.162681740465898,0.6731593564208304
3.0,1.375,1.6853192570643147,1.0037498812565209,4.700251188076477,0.7964238157646084
3.0,1.5,1.728188382553301,1.03506259765816,4.389757295397,0.87305215871564
3.0,1.625,1.747102532507746,0.9870509913583626,5.123413196069633,0.9225150363163237
3.0,1.75,1.7765052216752821,0.9944244948009878,5.421570702945676,0.9769888607295378
3.0,1.875,1.7858610652071714,1.0240797493252896,4.7300242625463484,1.075826866973286
3.0,2.0,1.7844898750609708,1.0337445392683113,4.798580601639658,1.1405177137247213
3.25,0.125,1.026113822904217,1.0004976840931872,4.923335519327231,0.0829033175167916
3.25,0.25,1.1264132454812992,1.0621485189616588,4.155026309093202,0.14767614379511035
3.25,0.375,1.2621724269356518,1.0910518990475315,3.57130898554991,0.2535639263531512
3.25,0.5,1.2316636987985812,0.9934060269438587,5.089273100104479,0.2997982700707745
3.25,0.625,1.414102391673495,1.0841641607090733,3.7806711023906727,0.38801452098771194
3.25,0.75,1.4506449380810154,1.0516847063729748,4.172010191462373,0.4385899913622028
3.25,0.875,1.4905044569882395,1.0368530903718216,4.7934214498295775,0.49323625014392736
3.25,1.0,1.5571846678228285,1.053747576422876,4.365346264516066,0.5794342225632274
3.25,1.125,1.611683235847034,1.0459049538973386,4.615678092386589,0.6957508167901131
3.25,1.25,1.6484977049140717,1.0236074263823063,5.106242413442725,0.7579863714038231
3.25,1.375,1.6865613373078905,1.0289428849636162,4.488403469359994,0.8202448571524245
3.25,1.5,1.684205960982806,0.9926568149846785,5.868573482705653,0.8904092704798862
3.25,1.625,1.7182845870115275,1.047950308801488,4.921509369427489,0.9325747913998893
3.25,1.75,1.7186362931246257,1.0190993607007688,5.441950991254427,1.0579349685404529
3.25,1.875,1.760383049837789,1.0169481917949206,5.737284963451603,1.119697454097823
3.25,2.0,1.8001912165841776,1.0021367098471794,5.83353769931937,1.1691526207820528
3.5,0.125,1.0858813670333824,1.0660573878017046,4.7086833943544715,0.06095560078526351
3.5,0.25,1.1088545119277256,1.0377293958506157,5.191562607559268,0.15541095955220316
3.5,0.375,1.2241166838317252,1.079382397266787,4.40697477218971,0.21755748721962906
3.5,0.5,1.2892810522443796,1.0597530704090834,4.965151328545089,0.3045474450939287
3.5,0.625,1.3491082322482209,1.019349821389918,5.46391313265258,0.37883485030238323
3.5,0.75,1.4081446732902367,0.98224470474351,6.326179444509673,0.4513946797883764
3.5,0.875,1.46756514836281,1.0393801699754408,5.506186865719551,0.5044937168822864
3.5,1.0,1.5294093814828948,1.024168990713039,5.613384316252564,0.6229092867339444
3.5,1.125,1.5586080452630249,1.023974100599123,5.9331310530329135,0.6777032514268491
3.5,1.25,1.6226431856165762,1.0225079904983763,6.046233298303252,0.8025632951463051
3.5,1.375,1.6774953462334827,1.0141766689083562,5.908122762139763,0.8826800713935903
3.5,1.5,1.7324161665653026,1.0824708890440082,5.121697679840346,0.9431428941428818
3.5,1.625,1.7065702702547527,1.0244787191216815,6.098652056577505,1.0285635241335127
3.5,1.75,1.7246180604678032,1.0470863613178685,5.869537925841301,1.0709247945646738
3.5,1.875,1.7587713855231846,1.0768253418056837,5.40768991852608,1.1750945787627582
3.5,2.0,1.763202157547624,1.0376897382972712,5.625371789331835,1.20629737693545
3.75,0.125,1.0328423201068424,1.0221562391470698,6.178812543511255,0.07409955157795942
3.75,0.25,1.113245690824319,1.0518073914329564,5.953428395409845,0.1502368548156202
3.75,0.375,1.193495591758218,1.0144107771973618,6.701576082807777,0.2772621503879351
3.75,0.5,1.259889038482611,1.0120737764426189,6.199482518865298,0.34783334328702276
3.75,0.625,1.3481451048486308,1.0569482217200827,5.732531892907349,0.3942955954025173
3.75,0.75,1.3745014082461395,0.9964863276375071,7.1519463835565436,0.46398248592035224
3.75,0.875,1.4482898347833697,0.9887736050370126,7.124155850389924,0.5751682596436328
3.75,1.0,1.511174451647856,1.0304254281473384,6.262407276139712,0.6516004998883805
3.75,1.125,1.606549799869797,1.0583789477044945,5.638992624303686,0.7228493149094979
3.75,1.25,1.6280087765868203,1.0332282102325319,6.457022339296147,0.8033491057391472
3.75,1.375,1.629755235320707,0.9787193180103844,8.150281507005097,0.8915497742876924
3.75,1.5,1.6806757882749315,1.0684428153276038,6.33946144208499,0.9840999330493196
3.75,1.625,1.687101601708486,1.003436369610966,7.8089493169747,1.0571014000691044
3.75,1.75,1.7683099367388109,1.07641018971539,5.835138138600655,1.1294796398683684
3.75,1.875,1.782215624383309,1.0792744557890073,5.9822011652833345,1.229409247369811
3.75,2.0,1.7534300208124525,1.025595841741922,7.544462351622732,1.341489281715386
4.0,0.125,0.9806528154142824,0.9637744131526211,8.772896705295107,0.08455032483293047
4.0,0.25,1.1112846451002807,1.015535408621777,7.060388584176346,0.16837759923569381
4.0,0.375,1.1499638703382626,1.0256821560513634,7.001779946114344,0.23782218729213217
4.0,0.5,1.250771570651787,1.037358666153928,6.995990658114016,0.3296818404152584
4.0,0.625,1.3480599437700556,1.062504342429685,6.342380813950352,0.40256809527048615
4.0,0.75,1.3993785817807056,1.0491319411958764,6.31176267270489,0.49345494139574625
4.0,0.875,1.4895262603862565,1.0536989317402856,6.454480067759138,0.5851510297022793
4.0,1.0,1.5328283315887392,1.0822328343305188,5.815466016908969,0.6591437370652666
4.0,1.125,1.5597807380897029,1.0147465429576912,7.734209859044401,0.7637932844103873
4.0,1.25,1.5577241799323147,0.9750195733982349,9.568041937460368,0.8296784707277619
4.0,1.375,1.653560203801424,1.0298852874109443,7.413650538285071,0.8915298125622467
4.0,1.5,1.6562331693962937,1.013491198894274,8.171988286413766,0.9842943965820607
4.0,1.625,1.7026521687906224,1.0280554474755217,8.04750284934232,1.0733892796522455
4.0,1.75,1.7287016548396685,1.0374733756532923,7.674042081528989,1.1839935965206037
4.0,1.875,1.7386320080563267,1.0334631565041477,8.45174375880067,1.2589932946652707
4.0,2.0,1.7707347598021235,1.027905027644637,7.845046300211568,1.3283755543459814
