# G = 0.0
# D = 0.01
lp_w,Pf_Ps,alpha,beta,D_eff,mean_vx
0.25,0.125,1.0995578577197733,1.0222060870570313,0.03613750436235702,0.01077371349823801
0.25,0.25,1.3104906161914365,1.0316974100595453,0.03569711785760116,0.019118402656441234
0.25,0.375,1.462446866500562,1.0227869669697676,0.037759846056895384,0.04138162147965678
0.25,0.5,1.5953386551946915,1.0526038709700476,0.034091145680895565,0.056096902119758305
0.25,0.625,1.6717279853721647,1.0192250858594811,0.041288126566397784,0.06476989305811852
0.25,0.75,1.7554966419752136,0.977678192104094,0.04669817636941669,0.07974777701393383
0.25,0.875,1.792120191830468,1.0189166940946033,0.04148247823414351,0.0915070558674973
0.25,1.0,1.800085571780084,1.0589580487242827,0.0356966910606587,0.1022922514392522
0.25,1.125,1.8118034304937647,0.9845214959265608,0.047525930783984,0.11208710093289909
0.25,1.25,1.861073305068693,1.048033546007224,0.042212514790767194,0.1574701203362434
0.25,1.375,1.8757362468824081,1.007719706485166,0.04622512811175626,0.19197548433024988
0.25,1.5,1.9033275949546966,1.059348736496927,0.03810849099223813,0.19406582855596066
0.25,1.625,1.9019268835594716,1.0006721249673323,0.05024714766178171,0.21183495676424746
0.25,1.75,1.9033767757923459,1.0389145009049212,0.047235459238674525,0.2256934349702213
0.25,1.875,1.9082102054410386,1.019872132433741,0.053390174750926986,0.24903162744758747
0.25,2.0,1.914382492625756,1.03002775152746,0.052283426978804066,0.27929306686506616
0.5,0.125,1.0759652834932807,1.0618147788041026,0.10015802137649495,-0.013585986596131557
0.5,0.25,1.062848291412202,0.9779353719628944,0.13695588335576042,0.05216901045291493
0.5,0.375,1.1914452094009944,1.0134249136323559,0.11227331891974292,0.045637525984907945
0.5,0.5,1.3131616525979881,1.0298965759445673,0.11095994977628337,0.03738248084442776
0.5,0.625,1.414845887562418,0.9818305654803744,0.1250174335356175,0.07450153654829028
0.5,0.75,1.5485932172078691,0.9670871197724766,0.12124199061754098,0.08079840643085508
0.5,0.875,1.694783515133479,0.9944279946113199,0.10587139371922405,0.14181552252048282
0.5,1.0,1.7784554426738954,1.0065520756292035,0.09988265559625462,0.147975887454255
0.5,1.125,1.8033916758318862,1.0149978975499034,0.09584305127519333,0.17600839881797137
0.5,1.25,1.8392223742586857,0.9996798301767736,0.09805738554735415,0.21656342348420893
0.5,1.375,1.8847224686500053,0.9847539269239295,0.10578430860208828,0.28770941515913007
0.5,1.5,1.895791290547938,0.9962718327318336,0.10677133376315374,0.34019491258357765
0.5,1.625,1.9251961644271105,1.042188952480649,0.08998663049311785,0.33005262650978934
0.5,1.75,1.9406109791340047,1.0019134951840767,0.09640936469670928,0.3823269461283371
0.5,1.875,1.9583169060936922,1.0180501209213648,0.09639638089113875,0.43949185336105023
0.5,2.0,1.9414947504893263,0.9686776482888746,0.12510676555845646,0.48857971555980045
0.75,0.125,1.0562678036758453,1.051293022197927,0.22279576659112352,-0.024401172349934254
0.75,0.25,1.047762909771421,1.0234370694498447,0.2312614258869602,-0.009812712611380005
0.75,0.375,1.034939890400759,1.0205958668222288,0.218202064054781,-0.009421542870013965
0.75,0.5,0.9969953023720252,0.997579076673403,0.20887160465533425,0.015607868388204448
0.75,0.625,1.0679260487853621,1.057704551540167,0.15836748625454453,0.007583237190410324
0.75,0.75,1.1965681370873087,1.0226381702208085,0.16552509180516897,0.0770995100729953
0.75,0.875,1.457136577047085,1.0423436640019201,0.13055399039645607,0.0747444235714703
0.75,1.0,1.6473218430268353,0.9049358875935073,0.21409061386325806,0.12423601069512384
0.75,1.125,1.7881815483015568,1.0417873918411218,0.12068949312347046,0.20006242292589432
0.75,1.25,1.8633429840548579,1.0229738189161512,0.12972781744000905,0.2686427301362908
0.75,1.375,1.9021825822821032,1.0297523158760933,0.11713369731067934,0.34474239511836535
0.75,1.5,1.912617648605186,1.0208679200271709,0.13037587279991433,0.37841672474943583
0.75,1.625,1.9551057850905793,1.0068417445988407,0.1259871801834639,0.46416287324766314
0.75,1.75,1.9520382065313222,0.9550884496131695,0.1560454592748997,0.5622719446339113
0.75,1.875,1.952618814782394,1.0173073031958062,0.12196142086171366,0.5991728520189826
0.75,2.0,1.9697174187906983,0.9580117595607395,0.14659314460943706,0.6978301487683264
1.0,0.125,1.0988460908766078,1.009984955937234,0.44225383817634006,-0.05392457238404144
1.0,0.25,1.2997925093410183,1.024980595744009,0.39688974409819716,-0.08246419043414412
1.0,0.375,1.4168158455450632,1.0465842088810167,0.2942982421702136,-0.09001163771225539
1.0,0.5,1.4360547542972204,0.9911787227152846,0.3203798793850341,-0.08234520559096298
1.0,0.625,1.3601378197401475,0.9844301399538986,0.2529367560183933,-0.07946250612807226
1.0,0.75,1.0909130021367133,1.031735547848156,0.19609733040296803,-0.017428128479075097
1.0,0.875,1.0907182254176526,1.0092077347266628,0.1950719062797723,0.01798708214148759
1.0,1.0,1.5212125115125583,0.985303611020124,0.18935959185633597,0.11154843295122598
1.0,1.125,1.7169095811961634,0.9900943549597989,0.1774613309934558,0.1593335323259529
1.0,1.25,1.8247918447064626,0.9870692358020192,0.17564858533888017,0.31367055602728056
1.0,1.375,1.8887320834796182,0.9894045053192687,0.1677413498918233,0.3769034741374115
1.0,1.5,1.9362020465374201,0.9706439551210718,0.16678928159436077,0.4717333332821331
1.0,1.625,1.9562202388420278,0.996716494054283,0.15885610597936559,0.6167791258003994
1.0,1.75,1.9598820742886591,0.96097317684644,0.17343829361272944,0.6843553955056125
1.0,1.875,1.978275414744002,0.9852272066473869,0.15608646300396578,0.7898703814349165
1.0,2.0,1.985486039076988,1.0006834788307093,0.1394681234683361,0.8983350908381696
1.25,0.125,1.269618003106578,1.0205734729199305,0.6368656557609704,-0.12233800989700117
1.25,0.25,1.5382445577177022,0.974490340798518,0.6452914048396581,-0.20111728215511554
1.25,0.375,1.692940465651118,0.9669014919259871,0.530555935793341,-0.21911212005590164
1.25,0.5,1.7993186686963554,0.9769909577943242,0.3952393396766011,-0.24443961137302314
1.25,0.625,1.7702071244652147,1.0058394535121746,0.271755760010005,-0.2058734558325298
1.25,0.75,1.5597835887316498,0.9825561040037238,0.2726040304658557,-0.10146087064293463
1.25,0.875,1.1883642923561,1.0738817269241279,0.16323310385776746,-0.038820658420425876
1.25,1.0,1.2708403091724554,1.0368460231002015,0.17038174752093738,0.0480115507681694
1.25,1.125,1.7022028006477465,1.000252213366126,0.17734369380620899,0.18732115998440882
1.25,1.25,1.8396485366901525,0.9694557661939244,0.20658428824719782,0.3138288060301435
1.25,1.375,1.9346662084432893,1.0334309429420718,0.14079396815244366,0.4059969167626411
1.25,1.5,1.9422408165162588,0.9358069528761181,0.21834840303584102,0.5667724390356251
1.25,1.625,1.964772674510106,1.0164472821244173,0.15767960246921486,0.6869688750111974
1.25,1.75,1.967138108273121,0.9799964154973124,0.17818590064081896,0.8253636688382019
1.25,1.875,1.9864782202984448,0.9654507266628812,0.17855755569232956,0.9649380443029864
1.25,2.0,1.9809799220547208,0.9717756020400992,0.19244199864859077,1.1192835714832583
1.5,0.125,1.406015401786323,1.0269562306301934,0.9094577264033888,-0.18503971966685942
1.5,0.25,1.757384440512331,1.027765111026038,0.711598544553813,-0.2846696228499607
1.5,0.375,1.8674703609517416,1.0051893527791778,0.5439104690485917,-0.3852672156959334
1.5,0.5,1.927914579062557,0.9819203622252851,0.41801472293616426,-0.3591910373606983
1.5,0.625,1.913562861539176,0.9854184566802531,0.3363068935731681,-0.3319627813060941
1.5,0.75,1.8426054906809008,0.9554620922710183,0.28295474176629853,-0.22924587011844683
1.5,0.875,1.5677711018918095,0.9167306890650799,0.2839481249921257,-0.1387092162112698
1.5,1.0,0.9375417073476626,0.9469086820932321,0.2263237986866002,-0.00016526198600687046
1.5,1.125,1.659344698911009,0.9801436430061063,0.1944418484626146,0.13053437776607785
1.5,1.25,1.8598563289325922,1.0317101139289033,0.1683272790380958,0.3320920851701584
1.5,1.375,1.913098193936932,1.0192874826083784,0.163268321025754,0.4455952295294215
1.5,1.5,1.9405778825744948,1.0209636579695236,0.16181780139621216,0.6261352640218905
1.5,1.625,1.9751410150798112,1.0445684641264406,0.1373947381221019,0.7820629512816066
1.5,1.75,1.9745477775771798,0.9672970006921158,0.19266921519168126,0.932290110843352
1.5,1.875,1.9788090428911889,0.9631337683824759,0.19648847033474787,1.1187093481534025
1.5,2.0,1.9918635647425016,0.9822245410751218,0.17378031783354744,1.2392580454546207
1.75,0.125,1.5742572652246642,1.0455742589886163,1.1530363343709193,-0.29108362237686874
1.75,0.25,1.8680428922836887,1.0292565508945606,0.8566857298743757,-0.4842221918203871
1.75,0.375,1.952964592243517,1.022678664574157,0.5813783863124008,-0.5303580022334312
1.75,0.5,1.9647367648932343,0.9408286110396862,0.48605557290673534,-0.5395306315376148
1.75,0.625,1.9680244422741349,0.9222252078091308,0.3910338399029882,-0.45946265441458073
1.75,0.75,1.9597967684662911,0.9784897638490626,0.24897605183824478,-0.34315408683662185
1.75,0.875,1.8553900946390796,0.9600502493376333,0.22330180978081343,-0.17423480881383996
1.75,1.0,1.130280819083483,0.9265391512222905,0.23442878952411325,-0.0793620720060796
1.75,1.125,1.5835414066688267,0.9909606568508897,0.17850043712648486,0.13191200211238494
1.75,1.25,1.8687551902915025,0.9738937719655677,0.1906382443431072,0.2841016041113334
1.75,1.375,1.9280474439777184,0.9496784168735498,0.20614681241476396,0.5097049658875622
1.75,1.5,1.9520285499870507,0.9573225097513958,0.20552882056635302,0.6960362560482489
1.75,1.625,1.968316292042494,0.9866935482240781,0.18182467712951392,0.9102663311294311
1.75,1.75,1.982070233082299,1.016425559450829,0.15813061264188621,1.0671380276391942
1.75,1.875,1.9839156674886165,0.9650552292573749,0.20048445105904103,1.3019645707796457
1.75,2.0,1.9912121875219333,1.0020517108769051,0.18385665574614726,1.5075677527392235
2.0,0.125,1.6799614975642303,1.0691136518652236,1.3127869558117187,-0.3768072233465624
2.0,0.25,1.9308997312517435,1.045941960633955,0.8893698700930511,-0.6349641632211638
2.0,0.375,1.978459762949953,0.9712424728793072,0.7180806817372758,-0.7175467722446269
2.0,0.5,2.0075324999044795,0.961790055815624,0.43215220326156434,-0.6892934713795293
2.0,0.625,2.0265910461902457,0.9657333326165489,0.3117308345028626,-0.613500304732608
2.0,0.75,1.99442982363231,0.9851505299834918,0.22014459696833485,-0.4644970669526836
2.0,0.875,1.9386083151437208,0.8921656377504681,0.3073904828475076,-0.2906215888495366
2.0,1.0,1.5382940236525842,0.9665047646859811,0.19560880676171422,-0.10341663582878076
2.0,1.125,1.4943535322853088,0.984877246024272,0.1709513113714858,0.09782910776815253
2.0,1.25,1.871584814772916,1.0038480036703257,0.16714099383756484,0.32412219331466013
2.0,1.375,1.9316863450926645,0.9610001402397328,0.19442071243896208,0.5589302929939309
2.0,1.5,1.9627971231008456,0.9574151922213447,0.19747570558666258,0.768275847417534
2.0,1.625,1.9760897630792849,0.9162532406064429,0.2330595275810486,0.9814344702855653
2.0,1.75,1.9767325391282007,0.9875921121968686,0.18379423020202723,1.197135057162108
2.0,1.875,1.984398355418316,0.9586125100194833,0.21236081499751747,1.4257309911499043
2.0,2.0,1.9921782145905658,1.0625762419673563,0.14229397412128417,1.66809639522686
2.25,0.125,1.7048842643746345,0.9969911351015689,1.964250638895144,-0.49974931000845413
2.25,0.25,1.978594676065651,1.019930944857921,1.0850347890140586,-0.8066957984169549
2.25,0.375,2.0045134860879235,1.0319257946284968,0.52915754664464,-0.9217610004865499
2.25,0.5,2.0222984819731167,0.9645560003428572,0.4214661096658484,-0.8627909312034004
2.25,0.625,2.013197922323296,0.8783425799505578,0.4203478115472846,-0.7464594729772911
2.25,0.75,2.021360055342312,0.9194562051101676,0.2748329599211872,-0.536224422764275
2.25,0.875,1.9781298117853126,0.9853746943289204,0.1878732610657704,-0.3795597495244896
2.25,1.0,1.7739184418206697,0.972097288241784,0.18726632571965096,-0.12791636446877025
2.25,1.125,1.2944234129171086,0.8906204991650959,0.24772046056550442,0.06320692164160645
2.25,1.25,1.8752411853412716,1.0055468179114266,0.16321565133434454,0.3207936147057763
2.25,1.375,1.9544997928509797,0.9519743887010175,0.1945655621336454,0.5281503754759469
2.25,1.5,1.9778438591735654,0.9850574539425963,0.1816047613336235,0.8286957735724718
2.25,1.625,1.9678424639952337,0.9717063070256053,0.19116835668333015,1.0866107962009717
2.25,1.75,1.985380997061587,1.0023835455604562,0.17278972265383108,1.306092789908012
2.25,1.875,1.9848111690838413,0.9205390939158486,0.22888723997861676,1.6155441587046067
2.25,2.0,1.991422747152502,0.9518435770785385,0.22852719185428744,1.8715418991104875
2.5,0.125,1.78164741992234,1.007218127252722,2.2790821624538826,-0.6058676446862694
2.5,0.25,1.9876996970650014,1.0127793682658317,1.2512092997256352,-0.9873466853451339
2.5,0.375,2.0056006316670727,0.9622786115636494,0.6833422729237681,-1.1011103536403997
2.5,0.5,2.0270366017213854,0.9164182470302822,0.4506373243045343,-1.0312929597618932
2.5,0.625,2.0174129464666835,0.9118287173050414,0.3315278198344232,-0.8625625625553125
2.5,0.75,2.035737452673877,0.9512475504372103,0.2288959533902758,-0.6826458896998328
2.5,0.875,2.0156622877994863,0.9961477044460747,0.17338793516907464,-0.4441170211840388
2.5,1.0,1.9163274749622727,0.9737351092022435,0.17467764491374246,-0.20409746295700917
2.5,1.125,1.190555724742452,0.9295925442521776,0.1852290325314594,0.036911842471581746
2.5,1.25,1.866461372267015,0.97690364115336,0.17543924074805373,0.31607077510956527
2.5,1.375,1.9505949943938743,0.9595568315558695,0.18216523663142814,0.5918200442178243
2.5,1.5,1.9712371218186382,0.9911934871146999,0.16512743010802536,0.8848236687246916
2.5,1.625,1.975391936441412,0.962231700931772,0.20285148947432216,1.2083406283861162
2.5,1.75,1.986526580241701,0.9566212582005746,0.20690329337377258,1.4651141433902288
2.5,1.875,1.991748504830865,0.9705862629700273,0.19266765793155213,1.7658113992356366
2.5,2.0,1.9867401657776547,0.9786733500721894,0.2046936196096187,2.059961424058035
2.75,0.125,1.8428040595265127,1.085414633091708,2.0714502832076627,-0.7761387059058189
2.75,0.25,1.989419521831684,0.9399029378850299,1.4805120688928584,-1.188987525733679
2.75,0.375,2.021186209688527,0.9752559446460748,0.6181078432855189,-1.2771830277363492
2.75,0.5,2.032403132857693,0.9231575182166496,0.4259206272419774,-1.2046715628501325
2.75,0.625,2.0292498703206516,0.9067112779032992,0.3270721758078712,-1.0069364484760666
2.75,0.75,2.0267307535379566,0.9502311077750031,0.20351122284464165,-0.8095160298025489
2.75,0.875,1.9904629673902916,0.970461574117033,0.17550116203453595,-0.5378297216881943
2.75,1.0,1.9494190996167693,0.9184929909646278,0.20068049365763452,-0.25186204267012885
2.75,1.125,1.0156147548249104,0.951535162317571,0.16561349922008314,0.026408407355262283
2.75,1.25,1.858664012750988,1.000397820944331,0.15247264235870128,0.3161155907550484
2.75,1.375,1.9449465856384678,0.9355991309973176,0.18026581397353836,0.6097916353442981
2.75,1.5,1.9588312285895393,0.9480910720146607,0.1861630701534228,0.9518434103573601
2.75,1.625,1.9804017460140362,0.9673166973587309,0.185921417009296,1.2473513831523941
2.75,1.75,1.9846834997361118,0.9566863194473292,0.203190256799959,1.5962198331228687
2.75,1.875,1.9891233378527253,0.9197701381304637,0.22094925082149383,1.8608973637234991
2.75,2.0,1.9900538952905935,0.9488645814903974,0.21971086194526535,2.2621913557169746
3.0,0.125,1.8652999525793386,1.0460790595258689,2.650081153427451,-0.9195512148570057
3.0,0.25,2.015625076230613,0.9702010871881739,1.458637122000918,-1.401196810242414
3.0,0.375,2.0254009692714092,0.9636877232390891,0.6246000376360441,-1.483745242103536
3.0,0.5,2.0262672439077116,0.9876980906637685,0.3153999403296451,-1.372525896052571
3.0,0.625,2.029651565451285,0.929304324234553,0.2914201464283261,-1.165220813729951
3.0,0.75,2.0309944942856784,0.9939858448792865,0.17549533917407828,-0.9025271877567963
3.0,0.875,2.0228982185797477,0.9326401929851581,0.18684479993676947,-0.6044644074281951
3.0,1.0,1.985092575187958,0.9773854418999778,0.14400016213142566,-0.3026909073236296
3.0,1.125,0.907923790167481,0.913104940017734,0.19658809631785745,0.01312097575112811
3.0,1.25,1.8780084422434806,0.9569786803242858,0.1632519800101358,0.3191129598016471
3.0,1.375,1.9430926383916098,0.9571834944861901,0.1721787865852143,0.6523219751129231
3.0,1.5,1.9816732596630806,0.9393230204875525,0.18006352680218013,1.025433429160781
3.0,1.625,1.98024653652589,0.9782701338565668,0.16771252602023654,1.3709901852692212
3.0,1.75,1.9842083873882206,0.8988522698766533,0.23240387460098613,1.706891356343985
3.0,1.875,1.991716180943238,1.0012536809049635,0.167973134136814,2.069468389163843
3.0,2.0,1.9914654954038193,0.9504575657146672,0.21634451701987836,2.4054012299039833
3.25,0.125,1.898364074003354,1.0190861694639173,2.9879811675685577,-1.128607822819763
3.25,0.25,2.0167686188134306,0.9917079080619704,1.315507618647686,-1.6250586402536118
3.25,0.375,2.023939736019291,0.9387356050634689,0.639672926584071,-1.6827913194894617
3.25,0.5,2.028113192674104,0.9047155113479483,0.3931586764688595,-1.5273827308749994
3.25,0.625,2.0292268361254138,0.9010541896883968,0.2608711930689728,-1.2410995094870578
3.25,0.75,2.023885937048249,0.9353314136633406,0.19448144677052928,-0.9907750150858611
3.25,0.875,2.0270708419428596,0.8977546257426625,0.2002941096475802,-0.7080483159566064
3.25,1.0,1.9888865815988717,0.9343959523970474,0.15782837618872547,-0.37920473084371736
3.25,1.125,0.9909953585387203,0.9634112848438326,0.14713535718400436,-0.012214497589123671
3.25,1.25,1.8735297158031474,0.9283583925524498,0.17037596218142775,0.3528763722316615
3.25,1.375,1.9516603755434563,0.9143180463733802,0.19451807791828649,0.7055719007682847
3.25,1.5,1.9787525459152073,0.9302739616850652,0.18669359351730985,1.064859916412615
3.25,1.625,1.9862893967695883,0.9684808913255054,0.16159695763292617,1.4207530776931143
3.25,1.75,1.9882594787801033,0.9747376469366343,0.18244662069718393,1.8388929231185218
3.25,1.875,1.9875207096345116,0.9515699457422003,0.1980122606663994,2.2111957436574303
3.25,2.0,1.993182469849121,0.9809060287483072,0.1878891972254831,2.596218839770567
3.5,0.125,1.9439866209018095,0.9739840215112554,3.803279580153059,-1.2796351015563132
3.5,0.25,2.0161156589308975,0.9643246428672707,1.4830557799176038,-1.8391669822812264
3.5,0.375,2.0303196567673787,0.8774845256157094,0.8404286488775694,-1.8765508376317035
3.5,0.5,2.0274970864032285,0.9553113444316268,0.2984213560833803,-1.6907562206698288
3.5,0.625,2.0296102022565625,0.9257653014078238,0.2188441469606266,-1.4213581178275578
3.5,0.75,2.0250021128395574,0.8855871372240668,0.2214062079767031,-1.0864286348077123
3.5,0.875,2.032820717565453,0.8684458060053658,0.20613255540076908,-0.7466057523290017
3.5,1.0,2.0133522656999676,0.943584718127742,0.14541914622493093,-0.41848119250264254
3.5,1.125,1.1452611351906523,0.9544379863172838,0.1464367612750255,-0.019206464741132523
3.5,1.25,1.8940087636657386,0.9599343217892103,0.13823057630788857,0.31416957898786607
3.5,1.375,1.9614647010094581,0.9651100119499911,0.155075663634713,0.7326796701465785
3.5,1.5,1.976979021376423,0.9780846094153753,0.1532076517284522,1.1342042629165028
3.5,1.625,1.9861270363417987,1.0183832129614667,0.14111089326089188,1.53407829640171
3.5,1.75,1.9910241798225339,1.0147036809387513,0.15186874995794522,1.9435937173449458
3.5,1.875,1.992772793210005,0.9708428294216059,0.1946853167463838,2.4145491402933836
3.5,2.0,1.9951040521541055,1.0058870109449636,0.1700784296518701,2.781162188787175
3.75,0.125,1.972558193477698,1.0108510360760274,3.6750873114192375,-1.4873377195909405
3.75,0.25,2.023220806415402,0.9029534398308029,1.66243825242648,-2.029909673206746
3.75,0.375,2.02641831364268,0.8957473783276746,0.6887389440333183,-2.0724038656427206
3.75,0.5,2.026772392107784,0.8954097961523628,0.3480048171226625,-1.84572115772833
3.75,0.625,2.0301828071404064,0.8356113932557881,0.2915282726657794,-1.5996911960137417
3.75,0.75,2.0245743787744104,0.8100740847768336,0.2667354022664848,-1.224942135999195
3.75,0.875,2.0224066990325924,0.8841969102250158,0.18224504777660028,-0.8400867006240188
3.75,1.0,2.019648902854228,0.9240284418171582,0.14965201098826375,-0.4290394834198948
3.75,1.125,1.3249827715245184,0.9341880898950634,0.15069844040671965,-0.05975031510537001
3.75,1.25,1.882931143125807,0.8917303087219963,0.1855146284408151,0.3758080036106946
3.75,1.375,1.960187896780255,0.9360656048294745,0.1616299486755041,0.788503788829818
3.75,1.5,1.9799226752186312,0.944523725164839,0.17290760321687115,1.2058217417174188
3.75,1.625,1.987441741811492,0.9704929006451843,0.16471655112700173,1.6477252633549486
3.75,1.75,1.9918545644703904,0.9496377532339937,0.19007070653550798,2.0603016270155026
3.75,1.875,1.995057827969123,0.9757311474693057,0.18855629459561482,2.563015091627184
3.75,2.0,1.9950580991168554,1.025009053923091,0.16278129280954282,2.9954441880529696
4.0,0.125,1.973844306972249,1.005703945940574,3.9580978569366834,-1.656492972017642
4.0,0.25,2.0226090488309336,0.9372060068754688,1.3924527374806475,-2.2684694910371905
4.0,0.375,2.023522270101456,0.9226339216293901,0.5495690498072385,-2.2585015110684403
4.0,0.5,2.021055617807998,0.8844291108998781,0.33170722092529253,-2.027119205190513
4.0,0.625,2.0205177631764806,0.912601040511583,0.19805776488240498,-1.6952142379124617
4.0,0.75,2.0276274036055955,0.8545907415834003,0.21998177568149205,-1.3143901050799258
4.0,0.875,2.024977306067302,0.8980442593908634,0.1731613778190096,-0.9394826571391994
4.0,1.0,2.023283708588591,0.906551997791427,0.15543728353695282,-0.5344042370498007
4.0,1.125,1.4838275470408762,0.9239204113440614,0.14941146634389288,-0.06257163112084357
4.0,1.25,1.9000826036566,0.8756710615965373,0.18862761773139186,0.36099312946314027
4.0,1.375,1.9688848912112478,0.9354975581359111,0.161591303294737,0.8213683482198425
4.0,1.5,1.9820565996429358,0.9789305501346097,0.1438752133324015,1.2591627418724667
4.0,1.625,1.9877198986938134,0.9654604881617141,0.16376503925026423,1.724644441038703
4.0,1.75,1.989428365061622,1.0054652409408635,0.15486811731555183,2.1948515304905776
4.0,1.875,1.99446022335778,1.0301362556716114,0.15472356976973656,2.6577669196922327
4.0,2.0,1.9966880382906078,0.991640746830669,0.18270932655082842,3.1579304705718805
