# G = 0.5
# D = 0.01
Ps,Pf,alpha,beta,D_eff,mean_vx
0.25,0.5,1.9125900380690082,1.0180646794988328,0.061327191542421014,1.0349646435869357
0.25,1.0,1.9503136714026232,1.0328610050662703,0.11328951526286364,2.3466867697866762
0.25,1.5,1.9544168535178112,1.0817838424039383,0.1765254779249962,3.8049732248970196
0.25,2.0,1.9509378017104488,1.1273049757916682,0.2703129914793107,5.1790871564743055
0.25,2.5,1.9445732085486702,1.1137276406901604,0.49629089408185184,6.542639411567398
0.25,3.0,1.9427137321930474,1.1450684893619079,0.6865216573425461,7.942777302952403
0.25,3.5,1.93935157447749,1.1712425357370793,0.8583930431766398,9.385748521911921
0.25,4.0,1.9397968759686566,1.0618822700630868,1.7295028293728274,10.75211198492075
0.25,4.5,1.9305255034486029,1.0999207636255957,2.012855661036466,12.039494943227089
0.25,5.0,1.9407761818881781,1.1768260063781615,2.0616236259815555,13.171006739309966
0.25,5.5,1.9390548530487541,1.1599369317027346,2.5012300248644266,14.69070804276149
0.25,6.0,1.9373672349056732,1.1716527690361342,2.9179658376228472,16.128736698139306
0.25,6.5,1.9320293069484853,1.1400826038435548,3.9731607066486743,17.343681389128097
0.25,7.0,1.9330828162984346,1.1397442430439462,4.914928753239589,18.685384336604407
0.25,7.5,1.935473422468684,1.1266580576181424,5.551100715191719,19.89006454903295
0.25,8.0,1.9255622894784368,1.0919010812545284,7.336273215205908,21.22263589161532
0.5,0.5,1.7189638037681676,1.0356969391363697,0.09899308402595676,0.2765460046457846
0.5,1.0,1.9499282508107387,0.9917903133081812,0.1385518020029219,0.8791012383478178
0.5,1.5,1.9728615277634245,1.0187274316563641,0.16078635327986376,1.6375303848669234
0.5,2.0,1.982587482869386,0.967344717464423,0.25076854696013595,2.4710273640279756
0.5,2.5,1.9845576876707918,1.0705990203558353,0.2745629572465986,3.1996478420692167
0.5,3.0,1.9740654969729126,1.06818225645085,0.44859318052155844,3.9106332705462967
0.5,3.5,1.9615931878749409,1.0979324645931532,0.5975036205177724,4.644836145608113
0.5,4.0,1.971376470355474,1.1242660419528776,0.7424960054199622,5.301156700488456
0.5,4.5,1.970304691572041,1.0626313607072269,1.3965363778086084,6.018155042233199
0.5,5.0,1.9601919029902306,1.1082974430765395,1.5986681954207458,6.664627774567649
0.5,5.5,1.9568183639786134,1.0936422367810785,1.9914014891811145,7.34116453438297
0.5,6.0,1.9537855563721533,1.0677768560667387,2.812724163473586,8.157814812068063
0.5,6.5,1.9540289496695746,1.0825269373577278,3.460004000075345,8.669127906598172
0.5,7.0,1.9437199521117252,1.0952864302278627,3.954602025998965,9.253236702929147
0.5,7.5,1.9455294668795258,1.1113481898008526,4.408843073853727,10.063060177308758
0.5,8.0,1.9389801354393976,1.134411119082563,4.821524171375727,10.73588961884101
0.75,0.5,0.9635550062533982,0.9618509164149198,0.22897868906212265,-0.038746279729565646
0.75,1.0,1.8540118103374401,1.071189128937491,0.1387522779979953,0.3619461751567031
0.75,1.5,1.9592966416973518,1.052726874117454,0.1525386449682984,0.8538768022728802
0.75,2.0,1.9794735898092588,1.0396380599899993,0.17719654974707888,1.3988502384776673
0.75,2.5,1.9888406791824544,1.0580911197918144,0.1993732419212811,1.9624649644984933
0.75,3.0,1.9872572653560876,1.0144826582416482,0.3007190018062421,2.4920688985797566
0.75,3.5,1.987071825453051,1.0331606763153882,0.3701413635990017,2.9925797916618504
0.75,4.0,1.985475623017535,1.0056093904211212,0.571073681422778,3.4416425271559503
0.75,4.5,1.9827669478489531,1.0388319407366207,0.7304137451733703,3.942558469720917
0.75,5.0,1.9830130418212377,1.0415732272306741,1.0474849768058634,4.457651424153859
0.75,5.5,1.9819734902778259,1.010921679380624,1.5034381136908763,4.925627262384868
0.75,6.0,1.9766538216417935,1.0478102936979352,1.9025780208082388,5.392745560490593
0.75,6.5,1.963076802194555,1.0308346583147987,2.5483159478179904,5.828086277878545
0.75,7.0,1.9705026062545539,1.0801437531583498,2.7242253000977192,6.337076549302856
0.75,7.5,1.9634587449966001,1.063724955011233,3.521199210287608,6.750354643110455
0.75,8.0,1.9574950895835317,1.0701506984354054,4.102890214156499,7.20283341905535
1.0,0.5,1.6420281333645073,0.9997035458868889,0.3212776328594195,-0.15090171092295684
1.0,1.0,1.2090076253957782,1.0595626824985267,0.17637585595495023,0.023519373071567873
1.0,1.5,1.9079738167509415,0.9564111645589846,0.2732712993459668,0.4300865167559239
1.0,2.0,1.9680165027071364,1.0568867764664132,0.19133854486547178,0.8616496387742331
1.0,2.5,1.982579301078503,0.9867749555767871,0.2549437106074467,1.261565714616179
1.0,3.0,1.9901774269066859,0.9647229479516682,0.28907499752389243,1.6764096220294051
1.0,3.5,1.988083412975668,0.9864176072807302,0.29661630966926417,2.0964408604562186
1.0,4.0,1.9892309269491328,1.0290952639658641,0.3327655904358948,2.509417844853375
1.0,4.5,1.991110833754163,1.0194036262446218,0.44740761413105334,2.9302682334752217
1.0,5.0,1.9872574352128058,1.0446706966204602,0.5284024945063703,3.290932992533923
1.0,5.5,1.9870267338404575,1.0360171768104414,0.7786687134640323,3.654751658144573
1.0,6.0,1.9868138797897545,1.0563361517464096,1.0183159315920374,4.043744716888604
1.0,6.5,1.9824961039038398,1.0211729676591654,1.320813566795278,4.412506005652779
1.0,7.0,1.9753166001596736,1.0455853239609783,1.8011612381821909,4.729492948967093
1.0,7.5,1.9786211170250345,1.112688992292172,1.8336330521943074,5.090997775906821
1.0,8.0,1.9772136724994176,1.081099087123337,2.6298449037168483,5.479567911037401
1.25,0.5,1.8565219745061712,0.9918153197825812,0.4307433266959,-0.2603027527050079
1.25,1.0,1.7408741536665304,0.9899169452252458,0.27538961644643056,-0.15272398229743755
1.25,1.5,1.5997374063291319,0.9976369319397276,0.2540326845000661,0.13664084547189337
1.25,2.0,1.9302136441371565,0.9684273625642514,0.29230171431399044,0.44428279767295137
1.25,2.5,1.972950231639242,0.9820524512787344,0.30149712112232463,0.813017222822751
1.25,3.0,1.9812333028418587,0.9385879299317628,0.35852921756411693,1.1525833331878421
1.25,3.5,2.0008838683277275,1.0279525911228633,0.2677818966742409,1.549293289266209
1.25,4.0,1.990871718546495,0.9927733366037594,0.31991604936562645,1.874403391374198
1.25,4.5,1.998001809094789,0.9718306437926627,0.37152796669783333,2.2160150035430024
1.25,5.0,1.9959520728194404,0.9937877596757337,0.43341619130935016,2.5708974673166645
1.25,5.5,1.9979248591003684,1.0506617431524836,0.43489017461408486,2.850609310261676
1.25,6.0,1.994212041679056,1.0383956573448294,0.5650787169863,3.190184156515401
1.25,6.5,1.9869120203957589,1.0226583598493357,0.823527371393494,3.466743748314336
1.25,7.0,1.9885924646327482,1.0348571385354288,1.0244318134429853,3.786767876814114
1.25,7.5,1.9878809941956603,1.0421189558361008,1.361332233314714,4.07955488260319
1.25,8.0,1.9850455402557337,1.044638519509118,1.623284065435257,4.355360051750505
1.5,0.5,1.9209882397338738,0.9793115398652434,0.5988707614834025,-0.299235996185651
1.5,1.0,1.97439127208109,1.0178181588884867,0.2902928425029332,-0.26482899449583325
1.5,1.5,1.4303214966408815,0.9719815750414742,0.3008968183022845,-0.05985954577548553
1.5,2.0,1.7993388970507187,1.0491392302099922,0.23283955296322026,0.20081131689010437
1.5,2.5,1.9384328877258996,0.9096651839077877,0.4187078981628444,0.4789196925650472
1.5,3.0,1.9766656934035505,0.9715468330586481,0.34794715618632743,0.7850445298434746
1.5,3.5,1.9929663828034478,1.0004982315496886,0.32002722345002566,1.0832702373171574
1.5,4.0,1.989093746472745,0.9954319003022128,0.32842296073255717,1.4050021199821419
1.5,4.5,1.9927064093225542,1.0052516338942303,0.33672000244809125,1.7044223822070537
1.5,5.0,1.9949057129100765,0.9937981797629482,0.3552084950684266,1.9992763312707078
1.5,5.5,1.9935115302242654,1.0128186938677715,0.37094260736160806,2.3134161270723
1.5,6.0,1.9989288363067055,1.0051332321356623,0.41026888470683015,2.577805227939154
1.5,6.5,1.9924908418228204,0.9817760383716195,0.6071978393660786,2.8425895578504914
1.5,7.0,1.9952387497021586,1.0487555964609108,0.5817302156606058,3.1185085624333624
1.5,7.5,1.9924780562699032,1.0143511868494413,0.8965255684191228,3.3559493902993034
1.5,8.0,1.9905250190183914,1.040187436058768,0.9997273237643448,3.628064438635445
1.75,0.5,1.9609264008544225,0.944525445274123,0.9337791229484949,-0.3394337694127133
1.75,1.0,2.0025954046700085,0.9475120551301393,0.3881624520782893,-0.3448284176730409
1.75,1.5,1.9465104128488762,0.9635606483620985,0.3212989555517464,-0.20268072214968627
1.75,2.0,0.9316527106906701,0.9276853932522043,0.3743348647958039,0.005463874834130261
1.75,2.5,1.88919463661286,1.026405020526843,0.27366937580922135,0.25233547164968256
1.75,3.0,1.9581030742834025,0.9555873613913538,0.37296717124823275,0.5037495143164997
1.75,3.5,1.9769700579624856,0.9538718504072423,0.4232664429963203,0.7803581905425917
1.75,4.0,1.9920486140487585,1.0142480793083284,0.31819302273898353,1.034720078697903
1.75,4.5,1.9978248615209189,1.0479373885285366,0.29979943765204164,1.3125077008032338
1.75,5.0,1.9952326129731766,1.0575834828038377,0.3022003745010144,1.5688296083167237
1.75,5.5,1.9958025757226783,1.0631445366932597,0.2920803088495166,1.870535576368235
1.75,6.0,1.9965913151255674,1.0263519978382623,0.3557660854660028,2.107223388432745
1.75,6.5,1.996125395804168,1.007109388697581,0.4455569866990068,2.3351822072081063
1.75,7.0,1.999093536155444,1.0059344039366511,0.49273981133562594,2.585886597906165
1.75,7.5,1.9963536887121165,1.0176696832930305,0.5579435738858218,2.8285680836326383
1.75,8.0,1.9946433542642639,0.9660384764303823,0.7811630299456581,3.051597147332411
2.0,0.5,1.972233121197386,0.9964935505254358,0.8991259864104352,-0.3869278216257104
2.0,1.0,2.0256057552120015,0.9419515337291412,0.44418859473333866,-0.43361940121224907
2.0,1.5,2.0069613659689303,0.9517049174951752,0.3241143373000393,-0.31139097694611145
2.0,2.0,1.8752582850001878,1.010005638713508,0.26686091989614175,-0.13424896535385517
2.0,2.5,1.4561554724265133,0.956031955316642,0.353675292452812,0.06845788793449975
2.0,3.0,1.8971323068140318,0.931141341427269,0.377379660601072,0.29068341568461076
2.0,3.5,1.9571893968964214,0.9544529697515473,0.38608363640628446,0.5033371154274219
2.0,4.0,1.9912438010289466,1.068328116495341,0.26961370074693086,0.7512667659832527
2.0,4.5,1.9874617328730386,1.0196763247066796,0.3396121673513073,0.9817509529240688
2.0,5.0,1.9921375713948715,0.9697543922632383,0.43419589531403224,1.2343749638026915
2.0,5.5,2.001226353830458,0.9994121113290569,0.38093990522938853,1.4621900213069408
2.0,6.0,1.9970024020844055,0.965583562510663,0.4687144674191291,1.7137992994565188
2.0,6.5,1.9983462228526057,0.994508592225383,0.42164914030556894,1.9367189150613973
2.0,7.0,1.9958967255980156,1.0481922832219497,0.35651397452562406,2.1638859410409177
2.0,7.5,1.995570560217009,1.0118776505691294,0.4662582203086776,2.388194508936251
2.0,8.0,1.9976611624135303,1.0457975969981328,0.43101062823871933,2.624700218040913
2.25,0.5,1.9964820306137014,0.9818892909552707,1.2528758393099022,-0.40318556385363646
2.25,1.0,2.0209999085321906,0.915722076614213,0.5298417547323548,-0.4725304913895117
2.25,1.5,2.0190112668245144,0.9480348579803645,0.3489478929624497,-0.38522753273684895
2.25,2.0,2.0008109564190453,0.9290544352131603,0.3337455837645447,-0.2363524108275786
2.25,2.5,1.7097145610708895,1.0370677536543582,0.2391998515362873,-0.06597396861452348
2.25,3.0,1.7397262746968565,0.9345056856728577,0.37766418740633917,0.12206380869387967
2.25,3.5,1.9465486969591974,0.9654513238540077,0.36477942824576215,0.31609692214306206
2.25,4.0,1.966323460934198,0.9544515527179174,0.4072287948674523,0.5178689600373801
2.25,4.5,1.9876361173386097,0.9733172169799863,0.3840496997575093,0.7367801714476605
2.25,5.0,1.9913297663009304,0.9751185121751553,0.432308481163503,0.9538522749394112
2.25,5.5,1.9941732584184595,1.0304672593479036,0.34069475928424836,1.1831778526015255
2.25,6.0,1.9940185898707403,0.923175479902803,0.5315250045056904,1.3860674724011488
2.25,6.5,1.9954238977784422,0.9514531888906858,0.4866334975790362,1.6110339816300094
2.25,7.0,1.9963446684913855,0.9859422075695881,0.4562251956820767,1.8246488102068723
2.25,7.5,1.996535363419881,1.0020506572855021,0.44568589100442685,2.024754207352269
2.25,8.0,1.9995706981182615,1.0517153058259923,0.37443983193011493,2.236486811604344
2.5,0.5,1.9797549575810318,1.0368169947931594,1.2437003553288974,-0.4392092259644184
2.5,1.0,2.0243541999816226,0.9061376796646661,0.583776326124266,-0.5088736191338776
2.5,1.5,2.025341273905444,0.8974088670808259,0.39934708904795224,-0.443826511691826
2.5,2.0,2.0175752890215937,0.9401766840965917,0.2834988888757421,-0.32034010155147913
2.5,2.5,1.9821652831994137,0.9321695386141836,0.32397274350741156,-0.1763938926762431
2.5,3.0,1.096334132604632,1.008513165432581,0.26980717093058265,-0.021347764820330125
2.5,3.5,1.844940322301919,0.9977065066133886,0.3010078811511451,0.16436179416565638
2.5,4.0,1.9468923420322362,1.0002035324169654,0.3508459928905346,0.3507406141082016
2.5,4.5,1.9701245260213327,0.9647779802073836,0.4286364539868366,0.5348950047286775
2.5,5.0,1.9907359313661832,0.9988833452310074,0.38385997816739287,0.7314627974216219
2.5,5.5,1.9856730236758673,0.9990564305388028,0.4178840217533263,0.9184531818891774
2.5,6.0,1.996743862706988,1.0667800181716676,0.3193389858813503,1.1287877851405146
2.5,6.5,1.9977933615925623,1.0809190104110402,0.3209168631539543,1.3240304331650918
2.5,7.0,1.9974613022087844,0.9622132049807983,0.5225793873529582,1.5175697090540297
2.5,7.5,1.9975852331144393,0.9820660778141896,0.47860117325364415,1.7182091194527165
2.5,8.0,1.9951430146996456,0.9680708211509881,0.47051789556716994,1.9074347073694313
2.75,0.5,1.9944202625556144,0.9919380974946116,1.7053876546097937,-0.44966691976422446
2.75,1.0,2.035744520827793,0.8689176168610815,0.7713276405981353,-0.544133218578306
2.75,1.5,2.0268242838184896,0.8340081752368618,0.5267493011946609,-0.5017180598829853
2.75,2.0,2.0245928912003057,0.9077773082353089,0.3356537636482382,-0.38752077496968573
2.75,2.5,2.0191145291726977,0.981735217767192,0.2374940989589874,-0.25334067419613915
2.75,3.0,1.9335003534861963,1.0202007112255833,0.22820961284181637,-0.12865430354819474
2.75,3.5,1.3559008974191218,1.0004374824668307,0.2624012966095615,0.03758744928591743
2.75,4.0,1.8889447856620505,0.9305527855365585,0.3894407785530317,0.19809220115759937
2.75,4.5,1.9636900130772879,0.9702801223661577,0.36238976564779846,0.3570474394964909
2.75,5.0,1.9801626965617427,0.9890876954331946,0.40411784249236593,0.5273023944899565
2.75,5.5,1.9817507953859013,0.9052114146856662,0.5729192512725706,0.7178436046564971
2.75,6.0,1.9919867894876964,0.925965261246874,0.5385420993391429,0.8892888944760645
2.75,6.5,1.991460124346313,0.9849011895694866,0.48405479098108506,1.0791407419615304
2.75,7.0,1.9916115608587277,1.0243272942749968,0.44103042046037266,1.2569864304293186
2.75,7.5,1.9968400101024095,0.9863352309051467,0.49050033602935483,1.4444855083036308
2.75,8.0,1.9988930376868785,1.0059842469355351,0.46514067419958943,1.6326417237259583
3.0,0.5,1.997850968544868,0.94602971293683,2.4130312231222857,-0.4585086674962689
3.0,1.0,2.025875228158566,0.9630286081440383,0.6120615125479956,-0.5743026076276798
3.0,1.5,2.026676680754713,0.8939334553715469,0.38319452696229545,-0.5280435487633915
3.0,2.0,2.0231572286933304,0.8964529669828885,0.31174590558179693,-0.4355801216704964
3.0,2.5,2.0224777809377064,0.9093389952404085,0.32458859731540235,-0.3247533960799834
3.0,3.0,2.0144604813770557,0.9292306653667513,0.2850269916101936,-0.21045560927449422
3.0,3.5,1.7276726583113764,0.8981197232452836,0.4089838621300798,-0.06269986763875561
3.0,4.0,1.6936085559673677,0.9945099917721409,0.2923406072895257,0.07194414731595437
3.0,4.5,1.9416985564317035,1.001893116529329,0.2986282096004236,0.22630567280065186
3.0,5.0,1.957529930761936,0.9215400914284022,0.4503963992753051,0.37916682955218844
3.0,5.5,1.9764130036438836,0.989714496516438,0.382442827939099,0.5393605293119685
3.0,6.0,1.9900081246606873,0.9604039586617664,0.42570165995931225,0.713151234692352
3.0,6.5,1.9918314593750654,1.0228548245701417,0.3903454211690921,0.8708594212170482
3.0,7.0,1.9909516560886156,1.0458574275740875,0.3788270425640636,1.0389978891415634
3.0,7.5,1.9974374323319866,0.9547168175070742,0.5557426905145413,1.2217522916940553
3.0,8.0,1.9968960135229579,1.0372687212154648,0.4173606903777652,1.3853384902978634
3.25,0.5,2.0065514188517217,1.0047668633917122,2.134801275333128,-0.48140571347236744
3.25,1.0,2.038206553355162,0.887481087026573,0.9212730343330079,-0.5923107160584808
3.25,1.5,2.0280952820402907,0.8748031471415838,0.439818132372297,-0.5653671778474557
3.25,2.0,2.0220900901350203,0.9170014774926392,0.28984087588734797,-0.4779830880625173
3.25,2.5,2.021897695773184,0.9097406208772422,0.3014239740551744,-0.3844618379966549
3.25,3.0,2.0305713412266395,0.9732475800964439,0.24673228093091615,-0.27114098652833124
3.25,3.5,2.001367088331692,0.8921668815047927,0.33917971821360193,-0.14568564700509598
3.25,4.0,1.1830144691385773,0.8475292733244802,0.4628307588523721,-0.021342040283994414
3.25,4.5,1.832061194991131,0.9906378407291044,0.2790519214690507,0.10457854926762658
3.25,5.0,1.9459156555296027,0.9373145410682633,0.38648574032406496,0.2523111500095129
3.25,5.5,1.9786899062579721,1.0037034204240118,0.33569850081958863,0.39354936974566396
3.25,6.0,1.9864394558913725,1.0226971950778847,0.3375069097225821,0.5400883390376303
3.25,6.5,1.9910177568228833,0.9910179667389571,0.3997989718258981,0.6957531742162846
3.25,7.0,1.9949127375166864,1.044649899876487,0.3822969904628735,0.8529270640567345
3.25,7.5,1.9972675941341527,1.036795613630831,0.3901012222451224,1.020828434548344
3.25,8.0,1.9983123833405725,0.953007241147409,0.5772738739105815,1.1668391615017426
3.5,0.5,2.0065170818219342,0.964371790810153,2.9230692986910505,-0.4787052680516218
3.5,1.0,2.03437739239663,0.8896484034085063,0.89555367361766,-0.6116299307205615
3.5,1.5,2.0290305107420754,0.8596559720225041,0.4577348657460099,-0.5907983662424917
3.5,2.0,2.018085958264079,0.896255776213698,0.31050555604517344,-0.5171177331679103
3.5,2.5,2.018059580107576,0.8883921550295062,0.2883436918510328,-0.4250158675937952
3.5,3.0,2.0143441533783366,0.8870266358420894,0.2952062143905782,-0.3356059410816464
3.5,3.5,2.017031757411839,0.8550649996700918,0.36207259442717665,-0.21940869470916002
3.5,4.0,1.957555254975544,0.9651382822217381,0.2585476341711121,-0.10550168192033572
3.5,4.5,1.1778029315385767,0.9698148344288724,0.2941986838540653,0.017244861621870132
3.5,5.0,1.8913988616939954,0.9594490608951417,0.3395677766625841,0.14244514573090997
3.5,5.5,1.9583470931090976,0.9594522429370916,0.3659535912016724,0.2735716188212974
3.5,6.0,1.9861999850885679,0.978312061856317,0.36468860332303454,0.4112664084888574
3.5,6.5,1.9877259041156408,1.0273148868543507,0.318001731050464,0.5404774949371325
3.5,7.0,1.9880504105337433,0.9952063442178984,0.37171145152395463,0.6905458842453382
3.5,7.5,1.9935304936564298,0.9993355668840207,0.4318569677943385,0.832758724547439
3.5,8.0,1.9942817987734462,1.0139180803333459,0.46148197121840656,0.9709083609924186
3.75,0.5,1.9872895910993769,1.0101269294465585,2.8351584897807216,-0.480266075866759
3.75,1.0,2.0268818274760485,0.8676585860887152,1.1411253028429666,-0.6237154532850522
3.75,1.5,2.0227684003661826,0.8134179848836224,0.5717874829078234,-0.6175820033755369
3.75,2.0,2.029356499982004,0.8405056408408131,0.3819714107669188,-0.5483207301479447
3.75,2.5,2.0245572762875153,0.8808452494773763,0.30077711364962934,-0.47172984275979696
3.75,3.0,2.0244820892589894,0.9231274884782436,0.260563178449191,-0.37798614019310867
3.75,3.5,2.0186925596152956,0.9452259386747457,0.26673054727840784,-0.27681837179059166
3.75,4.0,2.0095354865006816,0.9893595967043778,0.21394985183828327,-0.1718987083606557
3.75,4.5,1.8385459222852498,0.9439049366078256,0.3064113705013927,-0.05941713585600053
3.75,5.0,1.651082365668564,0.9199999175107746,0.3545878959977253,0.040022559300098
3.75,5.5,1.915083033675017,0.9777010973006701,0.2989160789848669,0.17514984069641568
3.75,6.0,1.9609764565996648,0.9469675636335749,0.37814157359100836,0.30431925984897973
3.75,6.5,1.9791786329331955,0.9708688948747222,0.39985221150228456,0.4272431055790439
3.75,7.0,1.9891488045837684,0.971857716496541,0.38482162342786946,0.548944127190381
3.75,7.5,1.987973057929176,0.9455192937693098,0.5226119433584635,0.6769662435105328
3.75,8.0,1.9897629645521104,1.0281232807994718,0.40268944361890585,0.8149976921444442
4.0,0.5,2.0022086479391668,0.9657482954292466,3.7359605222984666,-0.48661025112015227
4.0,1.0,2.0310987961701525,0.8372707468478505,1.300220255487273,-0.6417137826236001
4.0,1.5,2.02425822220582,0.851566837742061,0.4824612532941421,-0.6317275828482185
4.0,2.0,2.022325156125177,0.8528351633744311,0.33254746992939493,-0.5782029659137568
4.0,2.5,2.023702037728934,0.9054810906735202,0.25541239082245426,-0.5106932042915286
4.0,3.0,2.021835258361381,0.8626529070335813,0.29441380260222344,-0.4255058628003851
4.0,3.5,2.0160264251659865,0.8748938275709502,0.29982813573567263,-0.3249600795046243
4.0,4.0,2.0221116938958414,0.9332950951672746,0.26848038590080897,-0.230952797293599
4.0,4.5,1.997785385153348,0.9376215208371513,0.2798991903569993,-0.12823950048667107
4.0,5.0,1.5070518907212762,1.0100433080524438,0.22297201206268755,-0.022531422977833775
4.0,5.5,1.805718196473818,0.9115462007093066,0.35989475304188445,0.0858704922351479
4.0,6.0,1.9434012824012035,0.9317811119222282,0.35874597603209535,0.19500328841377135
4.0,6.5,1.9793509410306322,1.012789718997456,0.3120336970746038,0.31214670719447984
4.0,7.0,1.9759851188805924,0.9495787440876863,0.4111379169813859,0.4288978655799418
4.0,7.5,1.9883445095364627,0.9788665902667011,0.4175798686305679,0.5456708720061162
4.0,8.0,1.9943033179320628,1.0032148282171174,0.4007686897942386,0.677370558321456
