lp_w,Pf_Ps,alpha,beta,trap_frac,mean_vx
0.25,0.125,1.1333761189695128,1.019327175182224,0.11134444444444444,-0.02102669070280397
0.25,0.25,1.3750285056447993,1.050536413834383,0.11207777777777778,0.05730386026177179
0.25,0.375,1.5536022547996973,1.0452834980066656,0.1116888888888889,0.06992591308254477
0.25,0.5,1.6330440714964913,1.0610837625720744,0.11001111111111112,0.05513035755491303
0.25,0.625,1.7517439582625434,1.0290287827697553,0.1116111111111111,0.07666176866274947
0.25,0.75,1.8128009236816531,1.0440961457034956,0.11266666666666666,0.07800215094108419
0.25,0.875,1.8442923593407528,1.0853993105667648,0.1106111111111111,0.13440697887685588
0.25,1.0,1.8666135351346247,1.074315794777669,0.11042222222222223,0.12844285816357984
0.25,1.125,1.8679952689729333,1.0145742469133938,0.11026666666666667,0.14858187078525084
0.25,1.25,1.895852739882123,0.9615866655065967,0.11025555555555555,0.17272703249055563
0.25,1.375,1.9115827799797176,0.9802025424213823,0.11163333333333333,0.18348866011887133
0.25,1.5,1.9152200372095216,0.9989358890854555,0.11024444444444445,0.22341885215707913
0.25,1.625,1.9239660600715272,1.0548256875330688,0.11115555555555555,0.23443029080261946
0.25,1.75,1.919812902553204,1.0368297256834962,0.1102,0.2340124545374183
0.25,1.875,1.9434965505531692,1.0384694872140503,0.11103333333333333,0.2771465469458762
0.25,2.0,1.9370884037883926,0.9890281104513277,0.10836666666666667,0.3016034068553223
0.5,0.125,1.1244950225600914,1.016809749541602,0.18847777777777777,0.01667943282887049
0.5,0.25,1.3565069372314194,1.078738924514606,0.19194444444444445,0.05367530361786805
0.5,0.375,1.5068499445046024,1.0170032137522245,0.19283333333333333,0.06479289341968308
0.5,0.5,1.6374880729485741,1.0604110638479702,0.19085555555555556,0.08823065587482251
0.5,0.625,1.7202927866419087,1.0095386330228746,0.18974444444444444,0.13106968829850235
0.5,0.75,1.7993104507544286,1.0692400066040988,0.18768888888888888,0.17406327361416396
0.5,0.875,1.7888090922295237,1.0150721064597794,0.19056666666666666,0.17691346387376788
0.5,1.0,1.8365683452965296,1.0273718394322975,0.18952222222222223,0.22086262404226953
0.5,1.125,1.8594838794117128,1.022548754952848,0.18895555555555554,0.2521141995374351
0.5,1.25,1.8658949883614866,0.993391733335051,0.1878,0.2647377752697822
0.5,1.375,1.8815707070982568,1.0189004218136224,0.18934444444444445,0.2862973960755601
0.5,1.5,1.886862629593606,1.008999031316616,0.1897888888888889,0.32495468719755755
0.5,1.625,1.8944919375065739,1.0485125298454323,0.19076666666666667,0.37086512116519554
0.5,1.75,1.9069067926280436,1.0221516086208389,0.19036666666666666,0.3866527915765226
0.5,1.875,1.9130464411649672,1.0659215992478395,0.18812222222222222,0.38444262319638545
0.5,2.0,1.9098182599089604,1.0042526256993842,0.18786666666666665,0.43853084753231
0.75,0.125,1.117739713245354,1.0376081247541336,0.24432222222222222,0.04055860761278018
0.75,0.25,1.2643452978832628,1.0362415320884875,0.24588888888888888,0.0335047620482959
0.75,0.375,1.411292605964354,0.9797046816676213,0.24182222222222222,0.15895220927677522
0.75,0.5,1.5637928620658923,1.0112279193690032,0.24403333333333332,0.13341030065736392
0.75,0.625,1.665412415137428,0.9963364517097292,0.24145555555555556,0.17970924604606237
0.75,0.75,1.7308449209709282,1.08906354065571,0.2438,0.18801150441971873
0.75,0.875,1.7342548556422133,1.061207741453531,0.24086666666666667,0.253159800342608
0.75,1.0,1.7747331069201435,1.026566160569948,0.24285555555555555,0.27399994897358926
0.75,1.125,1.8203947857067215,1.0145644762038888,0.2401888888888889,0.3271478237215995
0.75,1.25,1.8399160677674367,1.0399177552945311,0.24285555555555555,0.3534906383962846
0.75,1.375,1.844410393802515,1.0304150264450973,0.24188888888888888,0.359988588167555
0.75,1.5,1.8562014773666968,1.073307600632829,0.24301111111111112,0.4069448709281234
0.75,1.625,1.8857971126440063,1.030032200678946,0.23943333333333333,0.46041733327527834
0.75,1.75,1.881534481961157,0.9806191914614063,0.24037777777777777,0.48126510122060345
0.75,1.875,1.8930645623395854,1.0412777177580168,0.24163333333333334,0.504953293262879
0.75,2.0,1.8825260953939504,0.9791619710549225,0.24066666666666667,0.5587909433434782
1.0,0.125,1.0949915906304817,1.0398624118533812,0.28107777777777776,0.00882325913119409
1.0,0.25,1.2643586707661616,1.0823146869624602,0.2814888888888889,0.04595817572166393
1.0,0.375,1.4003373036233846,1.0257216737901247,0.2800888888888889,0.12625746591304057
1.0,0.5,1.455117165484909,0.9916890060900243,0.2768555555555556,0.16494472308679428
1.0,0.625,1.5720088379329467,1.0785604176123138,0.2759111111111111,0.2188562152362253
1.0,0.75,1.6805209162640777,1.0213271799756627,0.2791,0.2310949059223742
1.0,0.875,1.7161691974933084,1.0021969320599775,0.2770111111111111,0.26035085839882144
1.0,1.0,1.7873323453867245,1.069402575892704,0.2786,0.328885779542164
1.0,1.125,1.805201276005514,1.040133773710686,0.275,0.3835643334601072
1.0,1.25,1.831533343904134,1.0599188958518173,0.27625555555555553,0.41712906108216985
1.0,1.375,1.846583086045898,1.021504819092884,0.27857777777777776,0.4039493609187132
1.0,1.5,1.8391147086221047,1.0030661546248947,0.27597777777777777,0.5133514919388721
1.0,1.625,1.8652704549388281,0.9966338790789282,0.27705555555555555,0.5265934283540912
1.0,1.75,1.8797666413976963,1.0452238196270394,0.27695555555555557,0.5574324595688502
1.0,1.875,1.8639854120010297,0.9731073010591025,0.2760444444444444,0.5924014161292924
1.0,2.0,1.8521617038570037,0.9947835026741301,0.27595555555555557,0.6228214344675976
1.25,0.125,1.0480491686071975,1.0020512217986024,0.30314444444444444,0.03583507788611485
1.25,0.25,1.1590499041642064,0.9823539564076494,0.3026,0.0982233676370723
1.25,0.375,1.3474805766496973,1.0324069384837935,0.30046666666666666,0.1572298086044225
1.25,0.5,1.4860134122313475,1.0129983960309468,0.30227777777777776,0.2048333219966166
1.25,0.625,1.5512557529855777,1.0410732511025702,0.302,0.2315885822070491
1.25,0.75,1.6558780912050237,1.0653316560525194,0.30356666666666665,0.26085019865386355
1.25,0.875,1.6983800446860213,1.012830748840522,0.29852222222222224,0.364771415482576
1.25,1.0,1.7276094547048124,1.0364155814788178,0.2979888888888889,0.3751618884777424
1.25,1.125,1.7620343181127196,1.029234893710282,0.3027444444444444,0.37930616799847405
1.25,1.25,1.795256327840973,1.0440852844337967,0.29875555555555555,0.47820284430600524
1.25,1.375,1.8080650683540727,1.050040873661201,0.30273333333333335,0.48521818468928946
1.25,1.5,1.8257203253694063,1.0695064227722766,0.2994777777777778,0.5301956424169059
1.25,1.625,1.8696932562937896,1.051513353850989,0.29906666666666665,0.5837700831873421
1.25,1.75,1.8346321159699552,0.9986503992782595,0.2991333333333333,0.6298760207519037
1.25,1.875,1.874195829698953,1.0433356627487531,0.2991333333333333,0.6598588598594
1.25,2.0,1.8700775042277822,1.0145566596015372,0.29927777777777775,0.7185920986632113
1.5,0.125,1.0709076539300062,1.0232412059724714,0.32505555555555554,0.041303475577196214
1.5,0.25,1.23251990890136,1.0837485203109458,0.3211777777777778,0.10186275570722128
1.5,0.375,1.2685977840227194,0.9989280151795789,0.3241777777777778,0.13323467286433574
1.5,0.5,1.4010502847143427,0.9813121805906154,0.32214444444444446,0.19714226476983682
1.5,0.625,1.4922595019134375,1.009433098027763,0.3193,0.25683915139764774
1.5,0.75,1.5974631955173153,1.0146431467900234,0.3217111111111111,0.2676641181703748
1.5,0.875,1.6449260646099348,1.0889021547621986,0.32056666666666667,0.3498861048352568
1.5,1.0,1.6917764266157402,1.0174605419685114,0.32024444444444444,0.3975871557533011
1.5,1.125,1.7185290936188913,0.9993138380019031,0.3199777777777778,0.43822384678956855
1.5,1.25,1.7929951984139878,1.038474737964881,0.31782222222222223,0.48894386696881653
1.5,1.375,1.8069600988898815,0.9964233797048451,0.3163111111111111,0.5527202111037772
1.5,1.5,1.812123938535486,1.0234984054987726,0.3142666666666667,0.5998755931571977
1.5,1.625,1.8233968469286996,1.030189308354148,0.31616666666666665,0.6603296979252276
1.5,1.75,1.8561568152897594,1.0414546112338374,0.31656666666666666,0.6968175804211233
1.5,1.875,1.854395868266353,0.960711108997603,0.31227777777777777,0.7869789179515546
1.5,2.0,1.8852365065719545,1.0571244834130267,0.3143222222222222,0.7993338085513388
1.75,0.125,0.9943706139879133,0.9642388693070592,0.33235555555555557,0.07557520396155837
1.75,0.25,1.1436134466817687,1.039117246059902,0.3343333333333333,0.10021338710465019
1.75,0.375,1.273423990135344,1.0373149198135334,0.33468888888888887,0.15104347607239113
1.75,0.5,1.4094685039712254,1.0628677158799418,0.33365555555555554,0.22849171425851217
1.75,0.625,1.4734021981075747,1.0238380117797794,0.3325444444444444,0.2688364613614204
1.75,0.75,1.5630210101431634,1.0619875020023128,0.3322,0.33184749728925705
1.75,0.875,1.5915382119210415,1.002394310964435,0.3332777777777778,0.38413862054454206
1.75,1.0,1.6736114021935142,1.0810279789118717,0.3309888888888889,0.4433803294364962
1.75,1.125,1.6908655043510739,1.0092467873434001,0.3347333333333333,0.4510310415756428
1.75,1.25,1.7243546252329738,1.0036915686941044,0.33124444444444445,0.5246577654192964
1.75,1.375,1.7499361492444556,1.011167439022221,0.33053333333333335,0.6265245396078131
1.75,1.5,1.8155742823476992,1.0459376455851253,0.3303888888888889,0.6686335790039001
1.75,1.625,1.8108366514050491,1.0179537481698893,0.3285777777777778,0.7022000180378276
1.75,1.75,1.8254802353697288,1.001532373247375,0.3304888888888889,0.7517055875009272
1.75,1.875,1.8139222515230278,1.0053944784815674,0.32874444444444445,0.8260631873532921
1.75,2.0,1.8579859786174537,1.0429474912331558,0.3274444444444444,0.8678667513965117
2.0,0.125,1.031082142763226,1.0084611101831296,0.34586666666666666,0.05718408593310103
2.0,0.25,1.1666727876549863,1.064761358385736,0.34305555555555556,0.12868470883792868
2.0,0.375,1.1922403471421434,0.9717321183601432,0.3475111111111111,0.15852242396618613
2.0,0.5,1.3135623992177847,1.010920602959759,0.3469333333333333,0.20636449180456215
2.0,0.625,1.4672857114605402,0.9899229200881441,0.3411777777777778,0.27849041433512445
2.0,0.75,1.5329686863683765,1.0804883116138628,0.3445666666666667,0.35068497176557056
2.0,0.875,1.5923995745503796,1.0191128159455245,0.3416888888888889,0.4094608100559791
2.0,1.0,1.6222612439835118,0.9701741959210165,0.34642222222222224,0.41802996736882925
2.0,1.125,1.6685095547015312,1.0170166219015597,0.3427222222222222,0.5102086769982864
2.0,1.25,1.7198949182853376,1.0148524237171725,0.3433333333333333,0.5622681968582468
2.0,1.375,1.7370006863652954,1.0125030580471603,0.34154444444444443,0.6315220540175687
2.0,1.5,1.766097033443043,1.041942474714396,0.34021111111111113,0.6925538289858396
2.0,1.625,1.7828405425879272,1.0153778576191599,0.3391777777777778,0.736065628913811
2.0,1.75,1.7831779088115385,0.954009757427437,0.3353888888888889,0.8225868319379871
2.0,1.875,1.8131969788158884,0.9902148340017389,0.33944444444444444,0.867908197978181
2.0,2.0,1.842185366982839,1.0609660799683123,0.3354666666666667,0.9441990423784278
2.25,0.125,1.0070442935118489,0.9675225980096842,0.35275555555555554,0.0631805946835204
2.25,0.25,1.161051777771648,1.0458864345240162,0.3549555555555556,0.12587541591654025
2.25,0.375,1.2270521304279842,1.0070916417448368,0.35334444444444446,0.20244591346813465
2.25,0.5,1.3628674944788042,1.0255776785731903,0.35263333333333335,0.24666422073438177
2.25,0.625,1.4391084995724142,1.0493836406051322,0.35184444444444446,0.30722639077055763
2.25,0.75,1.4857378014537745,1.0127315414917535,0.3523,0.37624623451163547
2.25,0.875,1.6024476985125553,1.0327925517465086,0.3509,0.4381779061573166
2.25,1.0,1.601777252961099,1.0221196813464688,0.3512,0.48883360676401205
2.25,1.125,1.678155188618461,1.03632854828463,0.3508,0.5395897434079017
2.25,1.25,1.7125384522906628,1.0012961097030093,0.3520333333333333,0.5882896541705668
2.25,1.375,1.7354495290492118,1.0599165170685736,0.3493888888888889,0.7027665939722636
2.25,1.5,1.7773130633026133,1.0382242505677215,0.34833333333333333,0.7284523929281561
2.25,1.625,1.7800070847580391,1.0470335541720304,0.34717777777777775,0.8054686794285315
2.25,1.75,1.7795738872549953,0.985772971529213,0.3458222222222222,0.8720699385310593
2.25,1.875,1.817964104804605,1.0911941023730682,0.3481222222222222,0.8868016072947207
2.25,2.0,1.8197854770709638,1.0533928253380718,0.3466444444444444,0.9714846337157982
2.5,0.125,1.032057354366472,0.9743089629507342,0.36086666666666667,0.08875086838638507
2.5,0.25,1.1180279461823142,1.0038124098473868,0.3592888888888889,0.14927258145615038
2.5,0.375,1.254176739147742,1.0881625060878,0.36086666666666667,0.18714614714662361
2.5,0.5,1.2745530186359555,0.9820506186801023,0.3592444444444444,0.24535165253902944
2.5,0.625,1.38141734415607,1.0247502328415208,0.3581666666666667,0.33524062470918126
2.5,0.75,1.4893703939792655,1.0213352650087124,0.3597222222222222,0.37880416398682887
2.5,0.875,1.5603580932050376,1.074176383089878,0.35981111111111114,0.4342821885745024
2.5,1.0,1.585249429195577,1.000220828515483,0.35812222222222223,0.4958740009875007
2.5,1.125,1.6356241655045958,1.0475542295419997,0.3587444444444444,0.5741283335951404
2.5,1.25,1.6676575305599157,0.9954850898660921,0.3539888888888889,0.6572160252070991
2.5,1.375,1.7351013550509207,1.024297978334457,0.3540888888888889,0.7212663596480532
2.5,1.5,1.7577131599750178,1.0494684095827849,0.3557,0.780171289725607
2.5,1.625,1.7732264662097534,1.0639829036924684,0.3574111111111111,0.8189815577080195
2.5,1.75,1.8166667413324251,1.0283978324827225,0.3524111111111111,0.9171552205014927
2.5,1.875,1.8343432028560156,1.0303833596943022,0.3523222222222222,0.9769889506363664
2.5,2.0,1.8084864047896658,1.0631283797235445,0.3539333333333333,1.0074046667423993
2.75,0.125,1.0456319534421548,1.0171283350721652,0.3680222222222222,0.06131125063636781
2.75,0.25,1.1656181188048742,1.0671438175507106,0.3670111111111111,0.15743721016460324
2.75,0.375,1.1978444206279093,1.0209437179089829,0.3673222222222222,0.18529259250348648
2.75,0.5,1.3042641444300547,1.0278965075169317,0.36562222222222224,0.2854235059311207
2.75,0.625,1.3677433159014096,1.0128526109707632,0.36417777777777777,0.3473958261217152
2.75,0.75,1.4714175270975873,1.0286240361349557,0.3643,0.42609315950349685
2.75,0.875,1.525361498582302,1.002535693360197,0.3666111111111111,0.43461293829717496
2.75,1.0,1.609216056385228,1.0578313817189773,0.36415555555555557,0.5531165463583017
2.75,1.125,1.5793377080292132,0.9851534273277043,0.36156666666666665,0.5909035145408115
2.75,1.25,1.6997983040555622,1.0564863270822016,0.3616666666666667,0.7035428103889677
2.75,1.375,1.675354353993837,1.0084698832695336,0.36234444444444447,0.7326696775607465
2.75,1.5,1.7870500912539877,1.0791447512851373,0.3575,0.8596188302369147
2.75,1.625,1.742673105258334,1.006051211821943,0.3615,0.8971670815173087
2.75,1.75,1.795767959018784,1.0081166320158383,0.35936666666666667,0.9483113707946358
2.75,1.875,1.7723961373787747,0.964369658513026,0.3594111111111111,1.000520501371594
2.75,2.0,1.81090770143492,1.0487565458188173,0.3587666666666667,1.0917324209215846
3.0,0.125,1.046834940012152,1.0327063288469758,0.3738222222222222,0.06877411271014346
3.0,0.25,1.1129920521645345,1.0178702795873287,0.3722111111111111,0.14677631499293675
3.0,0.375,1.216081477976103,1.0622725657815588,0.37196666666666667,0.20568163205358872
3.0,0.5,1.3149115795303046,1.0424497298353173,0.37025555555555556,0.3092951014757729
3.0,0.625,1.347749911719858,1.0187147497100115,0.3700222222222222,0.34629861009524904
3.0,0.75,1.4643600373842887,1.0250500472267154,0.36922222222222223,0.4127715625845137
3.0,0.875,1.4943557998198767,1.0371457845462033,0.3697111111111111,0.4912381616181322
3.0,1.0,1.5994419358679306,1.0922047114478977,0.3684,0.5672586893060493
3.0,1.125,1.658315038158814,0.9956324843070526,0.36873333333333336,0.6525333685684752
3.0,1.25,1.671872675259388,1.0432477370388813,0.3702111111111111,0.6947664629663782
3.0,1.375,1.7184010715486633,1.0984718913430678,0.3665888888888889,0.7818878896067195
3.0,1.5,1.7216404960585383,1.0094605775293455,0.36898888888888887,0.8152865384490817
3.0,1.625,1.7452955534074746,1.0359689723509762,0.3667222222222222,0.9195871922540357
3.0,1.75,1.7986715956302712,0.9672211979100845,0.3644777777777778,1.0063444681994171
3.0,1.875,1.7914246765219193,1.0119502834029186,0.36352222222222225,1.0843771822383017
3.0,2.0,1.7786894058076952,1.0230707248028792,0.36317777777777777,1.1489936214028047
3.25,0.125,1.0521772377148282,1.0247503052428577,0.3777888888888889,0.07614542889544793
3.25,0.25,1.0862196598119895,1.0054997206042735,0.3776555555555556,0.1488802711943126
3.25,0.375,1.2133795850608198,1.0639262706151444,0.37772222222222224,0.20209758143799922
3.25,0.5,1.3249570824215893,1.0932270968814615,0.37696666666666667,0.29086661675812175
3.25,0.625,1.3637883974273564,1.0957245830593971,0.37596666666666667,0.34477671369585955
3.25,0.75,1.450269888571624,1.026404620837871,0.37287777777777775,0.4474371899970957
3.25,0.875,1.4967645503755789,1.0340085745225154,0.3723888888888889,0.5316451354426353
3.25,1.0,1.5590982526625805,0.9720095404312786,0.37216666666666665,0.5856410108923938
3.25,1.125,1.620637509609411,0.985637717180322,0.37314444444444445,0.6360046871351882
3.25,1.25,1.6264835590430575,1.0315950198057662,0.3731555555555556,0.7364932304335429
3.25,1.375,1.6726572669302984,1.0066844597999742,0.37272222222222223,0.8125010794049978
3.25,1.5,1.680051883082678,1.0339349310409465,0.3708666666666667,0.8874889373133708
3.25,1.625,1.7567821505002579,1.0529151373632037,0.3697,0.9895223367904393
3.25,1.75,1.7563543706747442,1.0577276752734428,0.37316666666666665,1.0106343050070226
3.25,1.875,1.7585386453076575,0.9841398107464084,0.37294444444444447,1.0784121036344552
3.25,2.0,1.78814382149562,1.026134023807577,0.3677,1.1797396248436591
3.5,0.125,1.056903526141946,1.0341204095007028,0.3784777777777778,0.0682864387356106
3.5,0.25,1.0912109750278964,1.0009760958193077,0.37826666666666664,0.15162329531382074
3.5,0.375,1.1732623091952568,1.0166503422406366,0.3772,0.2414302164111728
3.5,0.5,1.259981165921604,1.0076899441564302,0.37737777777777776,0.33560263334193086
3.5,0.625,1.371068730561737,1.0855651601982301,0.37655555555555553,0.4010927165919302
3.5,0.75,1.4354651903711877,1.0672294712600936,0.37514444444444445,0.47737315863716123
3.5,0.875,1.4931473968123383,1.0825138619971375,0.37522222222222223,0.5324953696156379
3.5,1.0,1.5487204419970442,1.044224687694011,0.3762333333333333,0.6318673421520997
3.5,1.125,1.643637448751435,1.0912430407187805,0.37483333333333335,0.6968134693986748
3.5,1.25,1.659499114958302,1.051532520378613,0.3751333333333333,0.7661629150269592
3.5,1.375,1.6620430593866284,1.0519665161920095,0.3789111111111111,0.794908152827756
3.5,1.5,1.6804556819041934,1.0250699409795492,0.37522222222222223,0.9115957188393866
3.5,1.625,1.7025377831447144,1.015369937189575,0.3726777777777778,1.0149623889783
3.5,1.75,1.7291357061415027,1.0255851950249837,0.37583333333333335,1.0436621661143808
3.5,1.875,1.7235824295303288,0.9743254502269589,0.37455555555555553,1.1335116793397981
3.5,2.0,1.7730624241543245,1.0253512240791027,0.3715888888888889,1.2197538183699284
3.75,0.125,1.0226500680879222,0.9898727319761315,0.38484444444444443,0.07451909490355414
3.75,0.25,1.1252099226456111,1.0466005978998598,0.3837777777777778,0.18205838894861706
3.75,0.375,1.19208772631498,1.0583138575440383,0.3842333333333333,0.2301965634799873
3.75,0.5,1.2642893153728016,1.0131635201724098,0.38108888888888887,0.3143238736730993
3.75,0.625,1.3650267715921993,1.0541733724412676,0.3809222222222222,0.41357193525762403
3.75,0.75,1.369059513630661,0.9755669001662478,0.3798,0.49955253438306485
3.75,0.875,1.5026130058726297,1.062085838455434,0.3811,0.5685730055540832
3.75,1.0,1.5406712301759538,1.0396981681841675,0.38345555555555555,0.6369031830794106
3.75,1.125,1.5644841700169827,1.0399996174338915,0.3803666666666667,0.6916864458211666
3.75,1.25,1.6071911328135506,1.008906697716659,0.3800222222222222,0.7831879759032873
3.75,1.375,1.6350460956847377,1.063461795721587,0.38076666666666664,0.8467077716882965
3.75,1.5,1.6957361892632823,1.0515547485693837,0.37727777777777777,0.9598338165517656
3.75,1.625,1.707680701981824,1.0383439917078336,0.376,1.0445071010664713
3.75,1.75,1.7509409189727763,1.0678640402795956,0.3762111111111111,1.1174990948724188
3.75,1.875,1.8057252908532744,1.0088122564432935,0.3773666666666667,1.1958865199865838
3.75,2.0,1.7895042457609411,1.0449708314811332,0.3746,1.3005435477710545
4.0,0.125,1.0513471633653888,1.0389628641794464,0.38654444444444447,0.06650957659413492
4.0,0.25,1.0873588506711929,1.0211569250068158,0.3900777777777778,0.16151302157228578
4.0,0.375,1.1405948403479036,1.0227075187257495,0.38722222222222225,0.2444445688013194
4.0,0.5,1.224942025939972,1.0225096160022171,0.38722222222222225,0.3311265946702909
4.0,0.625,1.2943005177278095,1.0120536608423147,0.38434444444444443,0.42515240716793884
4.0,0.75,1.3632805196950724,0.977121118405546,0.38553333333333334,0.47316748371307765
4.0,0.875,1.4438097986246816,0.9819341947286222,0.38297777777777775,0.5882637544551971
4.0,1.0,1.5037720238785495,0.980431203245865,0.3841777777777778,0.6623466070473989
4.0,1.125,1.5566609441597128,0.9726663962325045,0.37937777777777776,0.7787804809206306
4.0,1.25,1.5962990306247231,1.0301013294059884,0.3801222222222222,0.8434471040378146
4.0,1.375,1.6396695656083176,1.0382640246360033,0.3803888888888889,0.9448190560028243
4.0,1.5,1.657571221141082,1.0203047959770906,0.3836888888888889,0.9781225039761031
4.0,1.625,1.6539917122162207,1.0064184534876457,0.3839888888888889,1.0427640477181368
4.0,1.75,1.7257460363076793,1.0026263530540809,0.37835555555555556,1.1953244205293339
4.0,1.875,1.7494315893358516,1.0345545156937985,0.3787888888888889,1.2591386508741127
4.0,2.0,1.7734787292445904,1.0551164035878628,0.3762333333333333,1.3608729803981234
