lp_w,Pf_Ps,alpha,trap_frac,mean_vx
0.25,0.125,1.0676491525899172,0.0506,0.08547695277911932
0.25,0.25,0.9493816341197391,0.0498,-0.11398022719204536
0.25,0.375,1.082740401776415,0.0506,-0.08941840582428848
0.25,0.5,1.1148280304906075,0.04917777777777778,-0.24177332796183731
0.25,0.625,1.1363787349587293,0.049911111111111114,-0.18844194520982074
0.25,0.75,1.2674467488415335,0.0512,0.10763590438856768
0.25,0.875,1.364991962852221,0.04888888888888889,0.28075298066459303
0.25,1.0,1.3459598734965077,0.0516,0.5304205814510271
0.25,1.125,1.4092312903290447,0.05026666666666667,-0.01941973179697048
0.25,1.25,1.4518686043692712,0.04926666666666667,0.27359275549791545
0.25,1.375,1.4785440052453906,0.051222222222222225,-0.026493329773871765
0.25,1.5,1.5215148533346874,0.050666666666666665,0.40134514018266243
0.25,1.625,1.5291529325003668,0.05,0.2805154383568389
0.25,1.75,1.5730106113084614,0.05011111111111111,0.3711814485972707
0.25,1.875,1.6195730591045445,0.04962222222222222,0.0778899806405218
0.25,2.0,1.640253122046686,0.04871111111111111,0.2773741626553898
0.5,0.125,1.0068117723001875,0.04982222222222222,-0.21534980364374487
0.5,0.25,1.0792797543756414,0.04964444444444444,0.024890351193334714
0.5,0.375,1.2501858768728842,0.05073333333333333,-0.028730793608482085
0.5,0.5,1.2928363042150504,0.05091111111111111,0.14503142206001055
0.5,0.625,1.3933425264653092,0.0494,0.36586027363847984
0.5,0.75,1.4625132604417654,0.04995555555555556,0.47662174156206333
0.5,0.875,1.4907031997113824,0.050244444444444446,0.4907886560481111
0.5,1.0,1.5864899451082748,0.049244444444444445,0.6130064424162764
0.5,1.125,1.6871271932117164,0.04986666666666666,0.3761079103547796
0.5,1.25,1.71395299125678,0.04871111111111111,0.5729944102528012
0.5,1.375,1.7360499032806127,0.050222222222222224,0.5990901993430691
0.5,1.5,1.7729071704972819,0.049577777777777776,0.18493804704341618
0.5,1.625,1.7851018024868412,0.051222222222222225,0.4926278393981889
0.5,1.75,1.8267891009827497,0.04877777777777778,0.4604783729396146
0.5,1.875,1.8302537945358102,0.050777777777777776,0.5785259528593556
0.5,2.0,1.8639602357823377,0.04897777777777778,0.5463946051512537
0.75,0.125,1.031409911142422,0.051644444444444444,0.18093438246021076
0.75,0.25,1.1618055108245828,0.051666666666666666,0.009746485647967752
0.75,0.375,1.2257057063871182,0.050444444444444445,-0.024598481980023564
0.75,0.5,1.4227500781726703,0.05057777777777778,0.3786550096397054
0.75,0.625,1.4316612180015709,0.0516,0.005137274788381264
0.75,0.75,1.6137942047607132,0.051133333333333336,0.37067184973016243
0.75,0.875,1.6898097626981425,0.05162222222222222,0.2185291610667775
0.75,1.0,1.717811835858752,0.052422222222222224,0.5861940685218342
0.75,1.125,1.7400843783780786,0.05137777777777778,0.5032107857780896
0.75,1.25,1.82244404656599,0.05104444444444445,0.5306947897274721
0.75,1.375,1.7827230344597464,0.0518,0.7508745982464988
0.75,1.5,1.8502008266735255,0.05084444444444444,1.1124650915546266
0.75,1.625,1.8657654368048058,0.04973333333333333,1.1104066907172638
0.75,1.75,1.8923454976935261,0.05135555555555556,0.9424279747186723
0.75,1.875,1.911107635816089,0.05106666666666667,1.0946680603185013
0.75,2.0,1.9260529276402596,0.0514,1.0505726270930724
1.0,0.125,1.075480453227644,0.05128888888888889,-0.11629649718505684
1.0,0.25,1.1087912480460382,0.05057777777777778,0.3477822879440402
1.0,0.375,1.2430720964617668,0.05168888888888889,0.23422806998391246
1.0,0.5,1.3645092040596827,0.052311111111111114,0.037223794423102065
1.0,0.625,1.5546059400626964,0.05293333333333333,0.12682089710656802
1.0,0.75,1.6074160547894911,0.054155555555555554,0.17057847143465665
1.0,0.875,1.6646874315622757,0.051666666666666666,0.3485549256485491
1.0,1.0,1.7431933724827662,0.050244444444444446,0.802770457720086
1.0,1.125,1.8015198181814283,0.0498,0.9206183354913763
1.0,1.25,1.7800253827631232,0.052,0.19964598867587766
1.0,1.375,1.8352861695337552,0.04988888888888889,1.0020352584807455
1.0,1.5,1.9024830495836669,0.0516,1.0026595832540064
1.0,1.625,1.858572309192188,0.05017777777777778,0.6900977910828199
1.0,1.75,1.9193933855511736,0.048822222222222225,1.3124466514326452
1.0,1.875,1.891714369591966,0.05151111111111111,0.7516991918792522
1.0,2.0,1.9247026217233068,0.05073333333333333,1.1618995055142078
1.25,0.125,1.0045360015672835,0.0508,0.25519915444366725
1.25,0.25,1.204118465906358,0.052533333333333335,0.12028318180582659
1.25,0.375,1.284061146086694,0.051533333333333334,-0.1306460944019829
1.25,0.5,1.3014929807635076,0.052311111111111114,0.0703302807720548
1.25,0.625,1.4929302243221283,0.05237777777777778,0.2124136123118224
1.25,0.75,1.5554708604156282,0.054533333333333336,0.44804293228556713
1.25,0.875,1.656884653616566,0.051644444444444444,0.5221374848014989
1.25,1.0,1.7157253100066503,0.050222222222222224,0.3889388173797011
1.25,1.125,1.818831256479259,0.05193333333333333,0.5403634017571455
1.25,1.25,1.8256891234967214,0.053177777777777775,0.687422747212925
1.25,1.375,1.8811904155500572,0.05457777777777778,0.8279320179027103
1.25,1.5,1.8574163277306284,0.05255555555555556,1.1650687146633616
1.25,1.625,1.8911422155939697,0.052222222222222225,0.9403927428532383
1.25,1.75,1.9075655339602557,0.050755555555555554,1.1739786897910969
1.25,1.875,1.944604545479839,0.051533333333333334,1.2006521044576859
1.25,2.0,1.9313807032676247,0.052,1.1702908115406352
1.5,0.125,1.0161778364069851,0.053622222222222224,0.04131376631880135
1.5,0.25,1.0236571018858158,0.05435555555555555,-0.4189666006232591
1.5,0.375,1.141058021479354,0.05508888888888889,0.18087928179931226
1.5,0.5,1.2209437710106918,0.05262222222222222,0.002328325013464296
1.5,0.625,1.3174069658599428,0.053266666666666664,0.24464972256423814
1.5,0.75,1.506588065741864,0.051866666666666665,0.5979936293134737
1.5,0.875,1.6313932189348275,0.05402222222222222,0.328662742407154
1.5,1.0,1.7138756538603055,0.05271111111111111,0.4764382107801697
1.5,1.125,1.7496675824655448,0.051755555555555555,0.4809839906982492
1.5,1.25,1.777656800514371,0.05291111111111111,0.6251632545360369
1.5,1.375,1.8280756376691183,0.05335555555555556,1.1180079858909813
1.5,1.5,1.873312524713687,0.052444444444444446,1.0495885872137396
1.5,1.625,1.8974539819920402,0.05313333333333333,1.3814127221068797
1.5,1.75,1.9254890941103544,0.05382222222222222,1.4986129627826394
1.5,1.875,1.9385490149609188,0.0522,1.6905450630575525
1.5,2.0,1.9495151787235738,0.05475555555555556,1.0672298005511403
1.75,0.125,1.0295678521587648,0.0558,-0.26128888844901876
1.75,0.25,0.9759907959085906,0.052422222222222224,0.12736174730270314
1.75,0.375,1.0448011220233884,0.056244444444444444,0.35326020486689064
1.75,0.5,1.092583547022585,0.053177777777777775,0.2905643638482155
1.75,0.625,1.1445296831871987,0.05142222222222222,0.2875511318806788
1.75,0.75,1.3616119341801134,0.05173333333333333,-0.16696528774155822
1.75,0.875,1.5660567728192134,0.05377777777777778,0.02648153185073739
1.75,1.0,1.672170349568905,0.053266666666666664,0.606439206268072
1.75,1.125,1.764571784981671,0.05308888888888889,0.6405285670128072
1.75,1.25,1.8238465662923686,0.054511111111111114,0.5978988056418421
1.75,1.375,1.8827258804119866,0.054,1.1924985340592753
1.75,1.5,1.8701152534482572,0.052644444444444445,0.9277056445394445
1.75,1.625,1.9191941503748242,0.051977777777777776,1.245948023388292
1.75,1.75,1.9362505785154573,0.052533333333333335,1.7168870242138115
1.75,1.875,1.94126968556123,0.05435555555555555,1.029113774437618
1.75,2.0,1.9190041338403265,0.05337777777777778,1.8000707822694404
2.0,0.125,1.0586188380396946,0.05584444444444445,0.2407307679483925
2.0,0.25,1.0325281086254907,0.05486666666666667,-0.15886436668478177
2.0,0.375,1.0896240652296285,0.05871111111111111,-0.39901296362289373
2.0,0.5,0.9558243730793097,0.05411111111111111,0.0495125314328913
2.0,0.625,1.0746646906049804,0.0558,0.009282898094559297
2.0,0.75,1.2576538837394595,0.05293333333333333,0.07546986770408337
2.0,0.875,1.3718748094564783,0.05637777777777778,0.4230570271410998
2.0,1.0,1.6413364520312734,0.05466666666666667,0.4961426164280891
2.0,1.125,1.7690937798419524,0.054066666666666666,0.9997569017708342
2.0,1.25,1.8347501512356594,0.05331111111111111,0.5608448154554093
2.0,1.375,1.881841121235519,0.052977777777777776,1.1563486334864197
2.0,1.5,1.8994817740413554,0.053177777777777775,0.9130751575472101
2.0,1.625,1.9229821379208456,0.054622222222222225,1.2881261907919295
2.0,1.75,1.92932696211461,0.0512,1.7134308571445527
2.0,1.875,1.9207148031397934,0.05226666666666667,1.661319205846342
2.0,2.0,1.9462900145831885,0.052644444444444445,1.574494388256802
2.25,0.125,1.0605428738505744,0.057,-0.2995154430924322
2.25,0.25,1.1753893210736752,0.05715555555555556,0.13388842941370024
2.25,0.375,1.2381520777759847,0.05528888888888889,-0.15117935766454477
2.25,0.5,1.1951453366598521,0.05846666666666667,-0.29258749233238646
2.25,0.625,1.0686561228113205,0.057044444444444446,-0.22499684491688596
2.25,0.75,1.023010708869264,0.0584,-0.1282408424410906
2.25,0.875,1.2637736133712902,0.054266666666666664,0.3404626915270103
2.25,1.0,1.512412218214403,0.05331111111111111,0.49342227455798227
2.25,1.125,1.69336652351995,0.057577777777777776,0.4484671444241414
2.25,1.25,1.763817421622584,0.05471111111111111,0.8849670904732428
2.25,1.375,1.8679054325335387,0.05411111111111111,0.5173477228969361
2.25,1.5,1.886605094370102,0.05486666666666667,1.342942954144215
2.25,1.625,1.910358590883965,0.05162222222222222,1.2607353003049468
2.25,1.75,1.921668514817996,0.05371111111111111,1.4066385170250637
2.25,1.875,1.9581845143107417,0.05388888888888889,1.790326760609175
2.25,2.0,1.9614481430772874,0.05433333333333333,2.361328803798867
2.5,0.125,1.2118099906679247,0.060844444444444444,-0.1676247908851663
2.5,0.25,1.4328437318958869,0.05782222222222222,0.001808603482191039
2.5,0.375,1.479654657906243,0.05951111111111111,-0.575425271498231
2.5,0.5,1.4868290299350817,0.057866666666666663,-0.19285408094800705
2.5,0.625,1.2085461384716407,0.057888888888888886,-0.11231204345431478
2.5,0.75,0.9858511755475239,0.0562,-0.05961214428111807
2.5,0.875,1.1434123422533413,0.0578,0.6223202702132472
2.5,1.0,1.433124835234193,0.057,0.11088663199355768
2.5,1.125,1.6314311974929359,0.05386666666666667,0.8527504529868016
2.5,1.25,1.7561891554150826,0.054511111111111114,0.7380105089117267
2.5,1.375,1.8460935008451735,0.05764444444444444,0.9735427924347211
2.5,1.5,1.8959814561686317,0.05591111111111111,0.9567448037758473
2.5,1.625,1.9224776793582463,0.05315555555555555,1.2739043169086162
2.5,1.75,1.9318580469046018,0.053622222222222224,1.7624564305484
2.5,1.875,1.9430252303496756,0.052866666666666666,2.131549798608938
2.5,2.0,1.9653489222162854,0.0534,2.175896795987077
2.75,0.125,1.2793185650239665,0.061,-0.2679970324286135
2.75,0.25,1.6037503068343466,0.061066666666666665,-0.6791501743954951
2.75,0.375,1.6880964497762487,0.061,-0.6666423100070866
2.75,0.5,1.72815165461371,0.06115555555555555,-0.8130403133484163
2.75,0.625,1.4866642380637745,0.05684444444444445,-0.08673345111620992
2.75,0.75,1.2641005191687673,0.0592,-0.6076814483831169
2.75,0.875,1.0038709130437227,0.0556,-0.04909582161254285
2.75,1.0,1.319657673741707,0.054844444444444446,0.45740423832908683
2.75,1.125,1.6481114306012128,0.05566666666666667,0.5598071685510513
2.75,1.25,1.7697997837975152,0.0558,0.4437657605327281
2.75,1.375,1.851020089789193,0.056155555555555556,0.9637762381597914
2.75,1.5,1.896157068461077,0.05606666666666667,1.1913942577704584
2.75,1.625,1.8997914230047341,0.05606666666666667,1.500336249506728
2.75,1.75,1.9282491984714953,0.055,1.5317423108796644
2.75,1.875,1.9335135764616822,0.052088888888888886,2.2648427842416012
2.75,2.0,1.956686454755886,0.05524444444444444,2.40837156344418
3.0,0.125,1.4464926373512936,0.06233333333333333,-0.21898377891072782
3.0,0.25,1.7315035524906484,0.06388888888888888,-1.0002865254090696
3.0,0.375,1.8682536000313186,0.059422222222222223,-0.6311251945545697
3.0,0.5,1.7999808398260704,0.060644444444444445,-0.6928628870168324
3.0,0.625,1.7102752984769856,0.05915555555555556,-0.6778231350710416
3.0,0.75,1.4325003715285851,0.058355555555555556,-0.23718279795775674
3.0,0.875,1.0339776658766797,0.057444444444444444,-0.46197259017379577
3.0,1.0,1.2140311839320161,0.05706666666666667,0.2734364196677708
3.0,1.125,1.4908291310698587,0.056155555555555556,0.7895592396833472
3.0,1.25,1.7723715777481577,0.05511111111111111,0.805873390411749
3.0,1.375,1.8476076659880294,0.05815555555555556,0.5772573324665925
3.0,1.5,1.9056997798398072,0.056133333333333334,1.4144843559647422
3.0,1.625,1.9280458551189217,0.05468888888888889,1.449820261354685
3.0,1.75,1.9586789014172485,0.0562,1.968556352777999
3.0,1.875,1.9681084822052657,0.054044444444444444,2.1737134130316584
3.0,2.0,1.9718067591058026,0.05502222222222222,2.0973034457798687
3.25,0.125,1.5383342756335072,0.06344444444444444,-0.33257429240945696
3.25,0.25,1.7613792865798787,0.0624,-0.7070256383259533
3.25,0.375,1.879668096148308,0.06424444444444445,-0.9184647458624258
3.25,0.5,1.8959176847874968,0.06122222222222222,-0.7084710134281565
3.25,0.625,1.8267647095613802,0.059955555555555554,-0.5354351942638236
3.25,0.75,1.6517243346065813,0.05857777777777778,-0.5413539812762513
3.25,0.875,1.2488080213098016,0.05862222222222222,-0.007885708266296842
3.25,1.0,1.1171690824601825,0.0578,-0.3144404181434597
3.25,1.125,1.527684648840557,0.0574,0.5883936721132403
3.25,1.25,1.6941688836126023,0.05793333333333334,0.328715818260717
3.25,1.375,1.8575922777024978,0.0576,0.6332753976664622
3.25,1.5,1.9072323708621286,0.055466666666666664,1.4301702449650961
3.25,1.625,1.927309855304175,0.054511111111111114,1.4288373668067533
3.25,1.75,1.958445930405853,0.05597777777777778,1.7352448026129317
3.25,1.875,1.9599021352879256,0.055488888888888886,2.156545224720033
3.25,2.0,1.9520089259637439,0.0556,2.5292498847933875
3.5,0.125,1.6712294463045587,0.0672,-0.6548081298895686
3.5,0.25,1.8671393646357575,0.06524444444444444,-1.1722003563811598
3.5,0.375,1.9453253794503615,0.06346666666666667,-1.26021238114385
3.5,0.5,1.934112859069462,0.06417777777777778,-1.5528960047850826
3.5,0.625,1.9040250799778318,0.06251111111111111,-0.3992110916160444
3.5,0.75,1.7869306678474286,0.061533333333333336,-0.8118036658368718
3.5,0.875,1.3909106226180978,0.05868888888888889,-0.20674668060680151
3.5,1.0,1.0204679626550603,0.06124444444444444,0.010183628170959563
3.5,1.125,1.409020233890269,0.05708888888888889,0.03165436596057105
3.5,1.25,1.7094512145177327,0.05902222222222222,0.8455257000940755
3.5,1.375,1.8306153274112036,0.060311111111111114,0.7794611953533234
3.5,1.5,1.894450512723276,0.05826666666666667,1.1584819225447194
3.5,1.625,1.9273461245315322,0.05555555555555555,1.7625729131910435
3.5,1.75,1.9552005669502042,0.05622222222222222,1.9456829767849548
3.5,1.875,1.9566675542613436,0.05597777777777778,2.420036267701419
3.5,2.0,1.9740206084641123,0.05542222222222222,2.4483312414493112
3.75,0.125,1.7255518479778411,0.06784444444444444,-0.570321879323627
3.75,0.25,1.9255253460442616,0.06773333333333334,-1.5061827221167694
3.75,0.375,1.9196769909015345,0.06433333333333334,-1.2908224847624916
3.75,0.5,1.9720329049988932,0.06273333333333334,-1.5530874219379662
3.75,0.625,1.9480597976994511,0.060533333333333335,-1.1218805931481377
3.75,0.75,1.8567579244318726,0.06148888888888889,-1.0792735083614786
3.75,0.875,1.604708943756316,0.06182222222222222,-0.6450277373872745
3.75,1.0,1.0707591824775258,0.06002222222222222,-0.30042352800062555
3.75,1.125,1.3715119362049288,0.05828888888888889,0.1407257072107529
3.75,1.25,1.698679734631388,0.060088888888888886,0.47877402362917737
3.75,1.375,1.8508415978497794,0.0588,0.6841867529945133
3.75,1.5,1.861968645368845,0.056155555555555556,1.4182759637080695
3.75,1.625,1.918995226928917,0.05688888888888889,1.9045414325488683
3.75,1.75,1.9394957914513482,0.05873333333333333,2.185197340899771
3.75,1.875,1.9640240241548248,0.05608888888888889,2.322471827617677
3.75,2.0,1.9623466564525875,0.05455555555555556,2.91591843195358
4.0,0.125,1.804617175260761,0.07024444444444444,-0.8766519008231973
4.0,0.25,1.9664449674890643,0.06862222222222222,-1.4370248697796733
4.0,0.375,1.9992528582429303,0.0658,-1.8898435371114382
4.0,0.5,1.9892240429146053,0.06695555555555556,-1.0171635578380085
4.0,0.625,1.9519808812330506,0.06335555555555555,-0.8484436535533416
4.0,0.75,1.9307725416313977,0.06188888888888889,-0.7398844777437981
4.0,0.875,1.721483793307495,0.061644444444444446,-0.6076700586153245
4.0,1.0,1.138190062796922,0.06235555555555555,-0.3875278799992667
4.0,1.125,1.3052669333986886,0.06013333333333333,0.5222508266648261
4.0,1.25,1.6853143134726911,0.06024444444444445,0.7858052993988068
4.0,1.375,1.8188828762400364,0.059644444444444444,0.9580535694087293
4.0,1.5,1.8894019359882555,0.05695555555555556,1.3555913100092396
4.0,1.625,1.9256840285944652,0.058222222222222224,1.2454004188762635
4.0,1.75,1.9607709653888865,0.058555555555555555,1.9285728032449958
4.0,1.875,1.965470153654443,0.058022222222222225,2.243274199338263
4.0,2.0,1.959489131083005,0.05651111111111111,2.664687265812208
