lp_w,Pf_Ps,alpha,trap_frac,mean_vx
0.25,0.125,1.184634355423543,0.11168,0.19547246237578825
0.25,0.25,1.4214668072269439,0.11168,0.4370563602373669
0.25,0.375,1.6263690319142172,0.11208,0.9355062584957375
0.25,0.5,1.690317784170499,0.10862,0.9130892995122878
0.25,0.625,1.768808579857296,0.11156,1.012367513349652
0.25,0.75,1.8375432797972695,0.11046,0.9555890278071194
0.25,0.875,1.8583502539482217,0.10542,1.4923814074294168
0.25,1.0,1.9145218393067502,0.10698,1.6043766021789871
0.25,1.125,1.909564846014765,0.107,1.877067971046489
0.25,1.25,1.9471905306260373,0.10756,1.7384207909689935
0.25,1.375,1.93438213891797,0.1006,2.225872935767219
0.25,1.5,1.9323954671160553,0.1029,2.7021485873157256
0.25,1.625,1.958897881549239,0.09874,2.6421599426296964
0.25,1.75,1.9711147920567762,0.09876,3.021171272929117
0.25,1.875,1.9725568474654485,0.09912,3.211178307282106
0.25,2.0,1.9650570516676567,0.09402,3.5805913403699066
0.5,0.125,1.1914078811658064,0.1936,0.05444406368427201
0.5,0.25,1.2872965289844498,0.19032,0.41311011484050447
0.5,0.375,1.4797162882538937,0.18852,0.8453316849527217
0.5,0.5,1.5978042893672206,0.18394,0.8050686175305188
0.5,0.625,1.7127850491407461,0.17958,1.150689856866855
0.5,0.75,1.7632735778311412,0.1779,1.4327967937011368
0.5,0.875,1.8073775325798023,0.16964,2.71438435412415
0.5,1.0,1.8791551162175764,0.16584,2.5047445613310138
0.5,1.125,1.9244915186040559,0.16188,2.453681933582752
0.5,1.25,1.8991813774823392,0.15568,3.4643699872256835
0.5,1.375,1.917755123266405,0.15008,3.406635668211026
0.5,1.5,1.9454564636157694,0.14366,4.351190933304399
0.5,1.625,1.9636058417621116,0.14104,4.222477126851562
0.5,1.75,1.954552556967889,0.1354,4.704701004650173
0.5,1.875,1.9622946622050674,0.13296,5.227103338236413
0.5,2.0,1.9636735842015347,0.12572,5.7648631858425645
0.75,0.125,1.0605859071064312,0.2448,0.366004750098194
0.75,0.25,1.0591684149192222,0.23986,0.5274272477117928
0.75,0.375,1.1960556055761848,0.23706,0.7029204715962225
0.75,0.5,1.2810262239483026,0.23038,1.2141033926373448
0.75,0.625,1.5648399213577866,0.22382,1.1561236622712003
0.75,0.75,1.6699729673944583,0.21334,1.574622555521692
0.75,0.875,1.7559514841288268,0.20714,1.5749380411742078
0.75,1.0,1.821343354317874,0.19554,2.6138693190476716
0.75,1.125,1.8859799765429321,0.18732,2.7081843474920944
0.75,1.25,1.9104272266615872,0.1789,3.6057174338101885
0.75,1.375,1.94917349209182,0.16824,4.058033290681504
0.75,1.5,1.958410925039228,0.15732,5.440377046802728
0.75,1.625,1.952230525424605,0.15208,5.781651010179702
0.75,1.75,1.9567422574219946,0.14436,6.349207222446842
0.75,1.875,1.9679665150868084,0.13978,6.844081097045026
0.75,2.0,1.9757280517431914,0.1301,8.059524763215684
1.0,0.125,1.058356789973144,0.28226,0.18235756619819535
1.0,0.25,1.0524129520436056,0.28154,-0.45339427884947114
1.0,0.375,0.9717447485485018,0.27142,-0.12456667578233137
1.0,0.5,1.0350143408051982,0.2572,0.10703258274481903
1.0,0.625,1.1514160862872203,0.24636,0.6474669419698538
1.0,0.75,1.3054326934071814,0.23342,0.8421119557838547
1.0,0.875,1.6141389433736348,0.2186,1.5237337370649506
1.0,1.0,1.752086691014924,0.20512,2.4225239094399713
1.0,1.125,1.8610333234539262,0.19094,3.2082997876037496
1.0,1.25,1.9058222955554265,0.18252,4.236254627949745
1.0,1.375,1.9370971825498555,0.17202,4.749727814945109
1.0,1.5,1.954514273603189,0.15892,6.246867507254368
1.0,1.625,1.953673130967474,0.14902,7.305026650561554
1.0,1.75,1.9670651255597624,0.1446,7.899231933120344
1.0,1.875,1.9794956618770156,0.13454,9.130622616551287
1.0,2.0,1.9825398907017933,0.12472,10.488042070281892
1.25,0.125,1.1134865369278182,0.31114,-0.5619977926007713
1.25,0.25,1.1227581092180052,0.30292,-0.732911515085078
1.25,0.375,1.1871463119147654,0.28894,-0.6914658364429155
1.25,0.5,1.2975850045825366,0.27234,-0.9486680199842168
1.25,0.625,1.082092623025935,0.25834,-0.14405880389654582
1.25,0.75,1.0712029059646546,0.24022,0.4741717210016502
1.25,0.875,1.3463996158588973,0.22716,1.1797757942157776
1.25,1.0,1.6930093719037917,0.21082,2.007893496206897
1.25,1.125,1.8352915536036902,0.1932,3.1675198606890134
1.25,1.25,1.8735908141003192,0.18476,4.148411054641399
1.25,1.375,1.9186745911446152,0.1685,5.417940659630785
1.25,1.5,1.9439065210816742,0.16246,6.60628852930998
1.25,1.625,1.9683357120423661,0.14942,7.985489515168059
1.25,1.75,1.9915425149044461,0.13834,9.277392381864312
1.25,1.875,1.9826980788196202,0.13088,10.479826189409133
1.25,2.0,1.98468653537846,0.123,12.074096786010587
1.5,0.125,1.1881468343680914,0.331,-1.1937494320930861
1.5,0.25,1.442225999584025,0.31974,-1.8848145932667149
1.5,0.375,1.6060847849043043,0.30058,-1.817028551246569
1.5,0.5,1.5928610336464861,0.28676,-1.8491864996412373
1.5,0.625,1.5318850236882087,0.26512,-1.0812004703516067
1.5,0.75,1.2591305453824058,0.24478,-0.7556715803238476
1.5,0.875,0.9925848431310424,0.2269,0.19898513676658858
1.5,1.0,1.6002942458868947,0.207,1.6856431841111654
1.5,1.125,1.8140281500488054,0.18672,3.1866673576929467
1.5,1.25,1.9073100197058845,0.18114,4.123180554879675
1.5,1.375,1.9336115663087514,0.16704,5.792703237789834
1.5,1.5,1.9698492489202208,0.15436,7.42364152630562
1.5,1.625,1.9632037216176421,0.14446,9.15385480922557
1.5,1.75,1.978079786918007,0.13518,10.77646543005336
1.5,1.875,1.978923374675901,0.12634,12.429071089054574
1.5,2.0,1.9868769402679434,0.11872,13.951633416349553
1.75,0.125,1.2680080767745423,0.338,-1.4072358521139814
1.75,0.25,1.5948505069847512,0.32932,-2.7040458866581916
1.75,0.375,1.792287618023043,0.30968,-2.989758474140248
1.75,0.5,1.859219184507489,0.29164,-3.3900660216602096
1.75,0.625,1.8353030718726044,0.26726,-2.502941634872595
1.75,0.75,1.7325056556722853,0.2432,-1.7483949680141142
1.75,0.875,1.0645518860599412,0.22658,-0.25522383210627386
1.75,1.0,1.4302308658293053,0.20372,1.2423826715499402
1.75,1.125,1.844445502913321,0.18962,2.8894572609052194
1.75,1.25,1.8850433777668592,0.1751,4.350236774608129
1.75,1.375,1.9537054558385607,0.15908,6.169933866514997
1.75,1.5,1.9621411764673875,0.15152,8.103445070250146
1.75,1.625,1.9786026896797277,0.14186,9.976120849672705
1.75,1.75,1.9755597831283145,0.13042,11.860074418773932
1.75,1.875,1.983897856742205,0.12054,13.977653386980354
1.75,2.0,1.9869591325786655,0.11534,15.680147077550561
2.0,0.125,1.3988758891864932,0.35912,-2.876049476601637
2.0,0.25,1.7423266819678411,0.34324,-3.9287709608178814
2.0,0.375,1.8626199651667912,0.3229,-4.86011955969087
2.0,0.5,1.9476486546026974,0.29462,-4.388138322316058
2.0,0.625,1.9562239377071553,0.26726,-3.7195453170393455
2.0,0.75,1.9037372836062842,0.24296,-2.484296274561247
2.0,0.875,1.5806797665549928,0.2202,-0.4280620651221391
2.0,1.0,1.1892433753469338,0.20328,0.8333128645104845
2.0,1.125,1.7616001685973455,0.18746,2.5894832604678784
2.0,1.25,1.8949085747426972,0.17282,4.584939098958694
2.0,1.375,1.9510012716883163,0.15674,7.220861053969032
2.0,1.5,1.9707308632226335,0.14716,8.757457997088062
2.0,1.625,1.9806784532333443,0.13772,11.296681073002883
2.0,1.75,1.9836173849871883,0.12542,13.091873052963903
2.0,1.875,1.9877719427462273,0.11656,15.384241847444148
2.0,2.0,1.9884902870750338,0.108,17.786112354323105
2.25,0.125,1.5128798918098705,0.36352,-3.0806871641098894
2.25,0.25,1.86927840222149,0.3502,-5.459913670265892
2.25,0.375,1.9566729316678835,0.329,-6.409696860879884
2.25,0.5,1.9730386629512722,0.29666,-6.3159936777674615
2.25,0.625,1.999980995248161,0.26984,-4.802046337103474
2.25,0.75,1.9825018395860727,0.24782,-3.8001420696072485
2.25,0.875,1.8457498395607121,0.2209,-1.983638660507656
2.25,1.0,0.8416203837364173,0.20112,0.2534275965927574
2.25,1.125,1.7470148494350985,0.18494,2.628372110507889
2.25,1.25,1.8898481986075202,0.16894,4.449144333745551
2.25,1.375,1.9471711281582111,0.15688,7.487325916958843
2.25,1.5,1.970598411901446,0.14436,9.86401270789937
2.25,1.625,1.9841154622928825,0.13444,12.184112855049035
2.25,1.75,1.98946332373757,0.12434,14.821158635033113
2.25,1.875,1.9920697747279958,0.11368,17.63243693182418
2.25,2.0,1.9886382619637328,0.1082,19.95573337221149
2.5,0.125,1.6240025447792024,0.37356,-4.395430155600248
2.5,0.25,1.8823881333853096,0.36126,-7.047796640460037
2.5,0.375,1.995711090664479,0.32894,-8.184930211550126
2.5,0.5,2.0238512118266563,0.30274,-7.949074883376147
2.5,0.625,2.018601966288192,0.27296,-6.577696957313587
2.5,0.75,2.036952452441114,0.24264,-4.520428657641905
2.5,0.875,1.9689907001456788,0.2223,-2.567391346658817
2.5,1.0,1.0826440113533877,0.20102,-0.1980579850478621
2.5,1.125,1.770249822668366,0.18114,2.462705311925941
2.5,1.25,1.91154549542055,0.16596,4.9399894726780325
2.5,1.375,1.9565157464170877,0.15154,7.845424348781406
2.5,1.5,1.9679884397882563,0.14132,10.566176881981242
2.5,1.625,1.9855883140800321,0.13298,13.205201765923073
2.5,1.75,1.9890137537449946,0.12354,16.02209082530308
2.5,1.875,1.9911856112541595,0.11284,18.466984432021572
2.5,2.0,1.9948994442675823,0.10518,21.629588847650854
2.75,0.125,1.6938937792210695,0.38186,-5.374607830059547
2.75,0.25,1.9462543005332649,0.36792,-8.75601968838739
2.75,0.375,2.013572331197877,0.33576,-9.368973610311437
2.75,0.5,2.0254117049769564,0.29954,-9.052125044758485
2.75,0.625,2.027964782691509,0.27208,-7.669766724818972
2.75,0.75,2.027532898238175,0.24078,-5.37113584676374
2.75,0.875,2.028515453680972,0.21744,-3.19271025926617
2.75,1.0,1.4541029592246963,0.19474,-0.26594680637188167
2.75,1.125,1.7533545426124693,0.18418,2.44179557299731
2.75,1.25,1.9411233844468376,0.1654,5.304476921093726
2.75,1.375,1.95385705448383,0.14954,8.193595636267007
2.75,1.5,1.9726095478253094,0.13932,11.131531823223614
2.75,1.625,1.9795413356018254,0.12966,14.191300651516723
2.75,1.75,1.9879799415576924,0.11778,17.918511023967326
2.75,1.875,1.9929341542320784,0.10934,20.593528885683597
2.75,2.0,1.9917674228706659,0.10062,23.7534799453222
3.0,0.125,1.7955849872685974,0.39178,-6.247124685950608
3.0,0.25,1.9723088326251128,0.37418,-10.556139186300266
3.0,0.375,2.0389405781629693,0.34006,-11.426920564896074
3.0,0.5,2.0403073925695545,0.30334,-10.656213255818134
3.0,0.625,2.050627487083287,0.27252,-8.826011643411167
3.0,0.75,2.047613358034672,0.2428,-6.443971933412642
3.0,0.875,2.044732354154985,0.21834,-3.6172752877717786
3.0,1.0,1.7180554884061319,0.1943,-0.5904194306558236
3.0,1.125,1.6826462124587407,0.17868,2.090077270378864
3.0,1.25,1.8976977790996592,0.16078,5.520630348817266
3.0,1.375,1.9685100861924683,0.14798,8.395151029210615
3.0,1.5,1.9830042559322973,0.13614,11.917766126472344
3.0,1.625,1.9851469612253552,0.1269,15.23447616475067
3.0,1.75,1.9917910420473273,0.11712,18.691063003801457
3.0,1.875,1.9893961481901128,0.1094,21.88151529594955
3.0,2.0,1.9882239909872312,0.10018,25.605633121864
3.25,0.125,1.8006598917217749,0.4005,-8.177645833046059
3.25,0.25,1.9707044763342456,0.38366,-12.655720003975865
3.25,0.375,2.0412554869858135,0.34356,-13.144173125860549
3.25,0.5,2.0456400748212222,0.30606,-12.466095853595684
3.25,0.625,2.035064995182086,0.2709,-10.168344374289356
3.25,0.75,2.0363780854119597,0.24186,-7.806518075281562
3.25,0.875,2.0497605737554903,0.21812,-4.363733837817086
3.25,1.0,1.9153054139107286,0.19894,-1.0040499666880107
3.25,1.125,1.7807618709777822,0.17764,2.361626511106496
3.25,1.25,1.9408863422786748,0.16108,5.708417931174165
3.25,1.375,1.9630547060272985,0.1482,9.371349747634433
3.25,1.5,1.9813536196418997,0.13292,13.025878848763288
3.25,1.625,1.9853119237130914,0.12498,16.34471799749265
3.25,1.75,1.9882476514982508,0.11348,19.994024606701384
3.25,1.875,1.993724232183602,0.1064,23.900618999705785
3.25,2.0,1.9946459996841688,0.09772,27.71070723975122
3.5,0.125,1.8062124432406939,0.40884,-8.83698056204154
3.5,0.25,2.016475409184592,0.38676,-14.716135094214543
3.5,0.375,2.024381633584189,0.35036,-15.565552306408327
3.5,0.5,2.0452337092765167,0.31088,-14.220033852476945
3.5,0.625,2.0281079038884124,0.27296,-11.874857629994608
3.5,0.75,2.0382023360347508,0.24456,-8.66333484579822
3.5,0.875,2.0552931420501745,0.21818,-5.144997697070561
3.5,1.0,1.9561568880567255,0.19072,-1.4837044777718635
3.5,1.125,1.737698692422724,0.17208,2.291024800331501
3.5,1.25,1.9285325260893682,0.16062,5.866292840519504
3.5,1.375,1.9647774590130895,0.14662,10.068452979695941
3.5,1.5,1.9781386704234285,0.13464,13.918366213907392
3.5,1.625,1.9886700924901086,0.12106,17.703553881467503
3.5,1.75,1.9908552786386502,0.11364,21.29548790586239
3.5,1.875,1.9936667607878116,0.10364,25.491652502820607
3.5,2.0,1.9938646165444376,0.09486,29.78323192077942
3.75,0.125,1.8212782732711719,0.41912,-10.834138584833196
3.75,0.25,2.005887968910347,0.39286,-16.47105648571435
3.75,0.375,2.0314544042138554,0.3487,-17.082956666994907
3.75,0.5,2.0424570619399502,0.31134,-15.723265420866959
3.75,0.625,2.0341154990728563,0.27148,-12.729358094460142
3.75,0.75,2.0502069581858864,0.24156,-9.677139222861303
3.75,0.875,2.050603756563219,0.21558,-5.827955237050461
3.75,1.0,2.0447619354046567,0.19556,-2.2255529755355985
3.75,1.125,1.7485396643594142,0.17468,2.220632613848678
3.75,1.25,1.9436748957861827,0.15716,6.171101936718553
3.75,1.375,1.968968781659159,0.14408,10.41485395253456
3.75,1.5,1.9804113562297179,0.13152,14.565292027469159
3.75,1.625,1.9875829931655133,0.11946,18.876708960890507
3.75,1.75,1.99114528737578,0.11134,23.072678988735237
3.75,1.875,1.9920678100813325,0.10176,27.024047625856088
3.75,2.0,1.9963564383936387,0.09236,31.725764180700384
4.0,0.125,1.8655574976118416,0.42062,-12.038587350105928
4.0,0.25,2.026219603553984,0.39796,-18.05615127156915
4.0,0.375,2.032729050479422,0.35242,-18.915540309104838
4.0,0.5,2.048123417433873,0.31662,-17.363283545594822
4.0,0.625,2.0363286151679403,0.27654,-14.018845652194718
4.0,0.75,2.033454526042942,0.24068,-10.278387333724854
4.0,0.875,2.0511042379917486,0.21654,-6.3194332087074985
4.0,1.0,2.0398998984553844,0.19036,-2.0129557160380815
4.0,1.125,1.722490173728179,0.1738,2.159355086649869
4.0,1.25,1.943327231605439,0.1582,6.297648023175204
4.0,1.375,1.9757864811754895,0.14278,11.184215263217704
4.0,1.5,1.9874548389677742,0.1307,15.705570477687948
4.0,1.625,1.9853439498707988,0.11914,19.751441665008905
4.0,1.75,1.9906672544111066,0.10958,24.723179075052197
4.0,1.875,1.9937291001862105,0.1011,29.024913806594004
4.0,2.0,1.9977403721887361,0.09428,33.425106360179406
