# G = 1.0
lp_w,Pf_Ps,alpha,beta,D_eff,mean_vx
0.25,0.125,1.117813271030114,1.0306258841818252,0.03562617846056984,0.02005464370713404
0.25,0.25,1.2505660769809865,0.9931206375350526,0.042011615387069025,0.036238151729882144
0.25,0.375,1.4347318446730892,1.0279723507476823,0.03769449299497152,0.02343935868561337
0.25,0.5,1.5611697267343176,1.047698872580445,0.03602960322364769,0.05176327226268046
0.25,0.625,1.6801143379892303,1.0914105956828786,0.03242556779930924,0.07858231609331788
0.25,0.75,1.7057282359983286,1.0415031457363664,0.040177496315417706,0.09780711559142803
0.25,0.875,1.741030549346739,1.0452377475772365,0.040417920670938585,0.12582516603311847
0.25,1.0,1.782483986070667,1.0374162397247788,0.04247723898653329,0.11828444572939398
0.25,1.125,1.808500536603874,1.0197533841675328,0.04483317220554481,0.10625534876630904
0.25,1.25,1.8368205562796707,1.039788350250544,0.048539802229995294,0.12464183099024002
0.25,1.375,1.8574630379629453,1.0940709974469027,0.04257413840724029,0.1632084601693442
0.25,1.5,1.8464310431400874,1.0749370018374036,0.0490162418888155,0.20820624053050257
0.25,1.625,1.8814850253065636,1.0400201008449632,0.0553475608052997,0.17820075412556327
0.25,1.75,1.8654982002599716,1.0338760866392884,0.060674043237267924,0.22733117618080595
0.25,1.875,1.876542285032784,1.0217034278337676,0.06312944520406581,0.2224371069522557
0.25,2.0,1.8928588371023611,1.0927636725598189,0.05437528607868192,0.26385635307456273
0.5,0.125,1.0228274383107923,1.0242505682028848,0.1161502075285143,-0.016060857966256923
0.5,0.25,0.9667214895846505,0.950702248352022,0.15022364895280962,0.010251552359962442
0.5,0.375,1.0463249842926656,1.0164246082690842,0.11569340792293216,0.022782951754470832
0.5,0.5,1.0511914677029874,0.9750168324648532,0.1434975459443263,0.025241762668937014
0.5,0.625,1.2817781930096876,1.061689727274143,0.09967328896662109,0.03406691961189973
0.5,0.75,1.3202018430042979,0.9782982383706202,0.14182508398082855,0.08063443294581804
0.5,0.875,1.4313011168640297,0.9690029993673889,0.14292066911202123,0.07667685490967052
0.5,1.0,1.5507779558028503,1.013024163033915,0.1260418223318634,0.10124133882317672
0.5,1.125,1.6524299735796943,0.9731749242242501,0.14871861755420912,0.12174987450310948
0.5,1.25,1.7528987389347672,1.0625132396984525,0.11273178724825307,0.17580732723505618
0.5,1.375,1.7994524810880543,1.0101158162794834,0.13712348027175209,0.21357013993899013
0.5,1.5,1.8419918627581915,1.013895498911833,0.1540439958184318,0.268389792618873
0.5,1.625,1.853329436384234,1.0041554895271472,0.15325629045835584,0.2813196351975504
0.5,1.75,1.8570708417813968,0.9837547824408344,0.17758189313101477,0.30740770586230826
0.5,1.875,1.9033680699050006,1.0057605638077316,0.16839781476606208,0.3669843668472431
0.5,2.0,1.9186595178201395,1.0055011668209766,0.17908904967554137,0.4298785488500124
0.75,0.125,1.0842504477645827,0.9974179104285495,0.2656749910578841,0.000602685201288968
0.75,0.25,1.18980801927706,0.9929481148624434,0.26619570324861996,-0.055125676063562584
0.75,0.375,1.3279901916439936,1.0334725279794923,0.2256498953995464,-0.08682146086636341
0.75,0.5,1.3569120287227172,1.0372601922589637,0.19928880051128767,-0.08602756667724015
0.75,0.625,1.2504052730444322,1.002520579383597,0.22139053375603174,-0.013732342691988421
0.75,0.75,1.049066430287164,0.9630107440520106,0.26118822173451567,-0.042710514779543324
0.75,0.875,0.9521829629778549,0.9534806066646887,0.24244750361831505,-0.0010045604165908565
0.75,1.0,1.2219262154906163,1.022611564236646,0.1979785993949545,0.046231365730853145
0.75,1.125,1.4730512062699304,1.0376661222140018,0.19165258371835267,0.11494178780539421
0.75,1.25,1.6058213041048024,0.9953255887344166,0.2422604056605438,0.1478372195580683
0.75,1.375,1.7109992872227249,0.9501612459275731,0.28522479581737176,0.2308219820049063
0.75,1.5,1.8272721888920274,1.0187704091000584,0.23151748621093324,0.29196798983531996
0.75,1.625,1.8426776711293047,1.0171381201907461,0.2440393269786014,0.3332501943384006
0.75,1.75,1.869430278570214,1.0120800854214844,0.2755020751673706,0.40869736285008995
0.75,1.875,1.8961853459489633,1.0073295722154638,0.2849109499811684,0.4565252932671392
0.75,2.0,1.922130682938027,1.0075002135845028,0.2868900579088503,0.5660976896797391
1.0,0.125,1.2960716188116634,1.0314145223240647,0.4392280371532195,-0.09460600067548619
1.0,0.25,1.6209924766053438,1.0336399968390342,0.38431422743763316,-0.14842314537969353
1.0,0.375,1.751814415745286,1.0004212406387363,0.3579125409182165,-0.20075005740740323
1.0,0.5,1.7703764228746557,1.0054701121664187,0.2994861270636597,-0.2248230926553413
1.0,0.625,1.7762865295404797,0.9727805496020987,0.3090830315049433,-0.2054200647612422
1.0,0.75,1.6543723651803317,0.9791791490731224,0.2965420025916298,-0.18055199957547072
1.0,0.875,1.4890438092367178,0.9827403553952507,0.29180935566928906,-0.10931747475298824
1.0,1.0,1.002934974085788,0.9111413772971533,0.38262377578192525,-0.05068113240051785
1.0,1.125,1.0207474200227027,0.9531093704518977,0.3682680994620974,0.05072349498376592
1.0,1.25,1.4050588957767542,1.0041224785433696,0.29540960601736566,0.11547642130746358
1.0,1.375,1.678929676155709,1.0379438616822925,0.28167554764510544,0.20539508468744072
1.0,1.5,1.7879514766143667,1.0125655099823205,0.3210563254782437,0.29056601491480516
1.0,1.625,1.86065423652078,1.0725564691007756,0.2877803767922412,0.3472893211655387
1.0,1.75,1.876482788343264,1.0403752595056934,0.33904279533230364,0.46821464120789824
1.0,1.875,1.9231123543288426,1.04245108210096,0.3410442015314155,0.5548515695572057
1.0,2.0,1.9213471899110723,1.0721999209042015,0.3342429390421161,0.6534955095346365
1.25,0.125,1.4935982759970046,1.0192878833688357,0.6369437298772398,-0.18989690532263276
1.25,0.25,1.838669526916621,1.0153447100992417,0.5160084540495421,-0.30365392054717105
1.25,0.375,1.9012521251195977,0.925073745546975,0.567450300090947,-0.3814015240701668
1.25,0.5,1.9476945118465068,0.9904099497904675,0.3616908385039455,-0.4069203973462845
1.25,0.625,1.941436644663051,1.005008373403137,0.32697358061737297,-0.38407040513194785
1.25,0.75,1.8984617126702918,1.0225453971830678,0.30274995962039375,-0.3033601971439611
1.25,0.875,1.805559799708439,1.0091880347508255,0.33009577880382596,-0.2442382053878537
1.25,1.0,1.5480842023729782,0.9252978595340255,0.4586756676380462,-0.10562250228328685
1.25,1.125,1.1099309494880107,0.9806318285729164,0.3994979889098829,-0.060728921472109405
1.25,1.25,1.148499752374955,1.0711587931384972,0.30907837170534747,0.03424000898316019
1.25,1.375,1.5236810389058664,0.9870484888739349,0.4262852474906816,0.15942907824606137
1.25,1.5,1.72617969036039,0.9882152221606264,0.44101621538988106,0.2681066596013931
1.25,1.625,1.8204756282144716,1.073977364631246,0.34378355300109087,0.36433198134649447
1.25,1.75,1.8462619206071522,1.0224069373647693,0.4622958181838957,0.5021293948262217
1.25,1.875,1.8936557521857251,0.997673434398189,0.5840869220459165,0.6096310363352937
1.25,2.0,1.9110454339700365,0.9868472442970568,0.5614812213568025,0.7169894946984054
1.5,0.125,1.6606900369671236,1.0131089907091018,0.8874844807983853,-0.26998552898445805
1.5,0.25,1.9376948549414308,0.9844963417520411,0.6935399271449237,-0.4715708818721557
1.5,0.375,1.983345045053518,1.047972180836476,0.39236983291613386,-0.5679242799543485
1.5,0.5,2.0125404484743457,0.944222276845076,0.4367436431004972,-0.5794687408037845
1.5,0.625,1.9961905992084283,0.9775460413181829,0.3565077559016583,-0.5519274422258824
1.5,0.75,1.9773875095944173,0.9724915784996009,0.3723576507361062,-0.47060937607327796
1.5,0.875,1.9508260036728966,1.006028371978677,0.3413714377111978,-0.3795809283748568
1.5,1.0,1.8424058054476558,1.0106151961396257,0.3570672651461571,-0.26674366454770115
1.5,1.125,1.5842628326898085,0.9831947255615833,0.4470540876365865,-0.17296233782257814
1.5,1.25,1.045364230285199,1.0004288940050077,0.4208828745884229,-0.025389713769330642
1.5,1.375,1.1904142089694563,0.9523851626516182,0.5813824230967777,0.08749007078108748
1.5,1.5,1.5979291530111654,1.008855756708422,0.49553061798237835,0.23144478401074786
1.5,1.625,1.773663503727192,1.0076782062179495,0.5543306470545238,0.35312317756476425
1.5,1.75,1.8770082787620046,1.0615333587249463,0.478127764311201,0.502052387973008
1.5,1.875,1.8985733187785596,0.9985184004552299,0.628750025173176,0.6439527158989734
1.5,2.0,1.917203595635825,1.0197695327058587,0.6098320352574524,0.779608378915955
1.75,0.125,1.7346320522120042,0.9714894364873256,1.3416338645764374,-0.44255810752285113
1.75,0.25,1.9908755588454605,1.0389375827324556,0.6405053846470359,-0.6970289152196838
1.75,0.375,2.028418814858524,0.9130843831841555,0.6787180498963953,-0.7786174157981862
1.75,0.5,2.013911455843986,0.9233935968287844,0.499994942363907,-0.7980971809086634
1.75,0.625,2.0263622826472494,0.9372601413224811,0.43481458116927707,-0.7075359818111991
1.75,0.75,2.0172704154854353,0.9543382217929208,0.41035846015810123,-0.6485158345228724
1.75,0.875,1.9986755814201036,0.9888057037136985,0.39171655938047534,-0.5264210831429781
1.75,1.0,1.9522314626949973,0.9514726385475691,0.4761591590626833,-0.4087455658004579
1.75,1.125,1.7970233830983844,1.006401098250172,0.4138101303530097,-0.2783546851891736
1.75,1.25,1.4118628067344683,0.9796218472965337,0.5532717288665986,-0.13997015691068967
1.75,1.375,1.0196895851379177,1.01727801005103,0.5292160876508655,-0.0008639634074165094
1.75,1.5,1.3893238280463531,0.962864273499396,0.7163708763683159,0.18717598160998888
1.75,1.625,1.7157049989228854,0.9909539240398975,0.67683455904516,0.34092824521668835
1.75,1.75,1.8313929155302782,1.0153620715239993,0.6787010841284125,0.4994672212914766
1.75,1.875,1.8791959359560955,0.9540753665980027,0.8789287137763516,0.6613554768980792
1.75,2.0,1.902789959066829,0.9868636401927477,0.876624244830526,0.8234537774231363
2.0,0.125,1.831799715860606,1.0014269265462272,1.3854766144719466,-0.5730962001206469
2.0,0.25,1.988954655163718,0.9497823157916633,1.0717205841562403,-0.8833921676519945
2.0,0.375,2.02852375106884,0.952456102063779,0.5838843771040966,-1.0084748837883972
2.0,0.5,2.0285660606196956,0.9162891738987151,0.5281200295871427,-0.9885567234500118
2.0,0.625,2.0100604167820526,1.0183973857795015,0.3126385374815724,-0.9111124060504773
2.0,0.75,2.013452427295418,0.971998570821041,0.40154571781177834,-0.8115756463683235
2.0,0.875,2.0035005389597833,0.9554630763143909,0.4483713482776391,-0.7005356310289641
2.0,1.0,1.973284988872834,0.9155908990478164,0.5724893531461823,-0.5585500897863566
2.0,1.125,1.89676122204673,0.9653320640013787,0.5430116440785139,-0.38907347123295233
2.0,1.25,1.697228477338927,0.9866064993619027,0.5704478672084707,-0.2334856628155712
2.0,1.375,1.109243751328408,0.9719840516151439,0.6742054692449834,-0.08310751476192915
2.0,1.5,1.2816354652835842,1.070197748038435,0.5082483341256117,0.08913413047775205
2.0,1.625,1.6090218034751163,0.943051053815477,0.8556004110108336,0.2748244164361773
2.0,1.75,1.7802488303167692,0.9974016038841846,0.8082547737371466,0.47592604611563294
2.0,1.875,1.8735277381307451,1.0114506879672072,0.8514639539823045,0.683148305254115
2.0,2.0,1.8748946526825478,0.9596363015228374,1.0520067611514679,0.8552620016517201
2.25,0.125,1.9050737710235324,0.9407590604165929,2.1229326725488225,-0.7286267819200061
2.25,0.25,2.0205091784171114,0.9423254100578567,0.9753976573513792,-1.1220722222109047
2.25,0.375,2.0367765066309627,0.9456526127036959,0.5455551800209717,-1.1962834347178546
2.25,0.5,2.0304681104120657,0.9095209995155678,0.4782069654610296,-1.1664930150241752
2.25,0.625,2.0284792726850127,0.9597907932375577,0.34833504099425133,-1.1006497868453804
2.25,0.75,2.0263076890119365,0.9981150348884537,0.3574209874553241,-0.9971287827857979
2.25,0.875,2.0180543104865194,0.9112527579581547,0.5813199310943125,-0.8200160752924261
2.25,1.0,1.9911654313203235,0.9403556941711545,0.5275447326853981,-0.7100878419387843
2.25,1.125,1.9468809604509711,0.9478189988830757,0.6358659167387752,-0.541974700071855
2.25,1.25,1.8511282450162365,0.9571980729639862,0.6672374701519423,-0.33976273850628297
2.25,1.375,1.4776839270242812,0.9966486695259287,0.6244382714280661,-0.16335881222204546
2.25,1.5,0.9525017452586958,0.9269314953349557,0.9082695260022011,0.02341669476586979
2.25,1.625,1.5399191027299488,1.033272559715054,0.6586514512193422,0.21635703624117317
2.25,1.75,1.7374537702032218,1.0330733428828593,0.8055422991799063,0.48125687227961905
2.25,1.875,1.8566381107861345,0.9786186059090382,1.010124420066515,0.6474980313814059
2.25,2.0,1.8928683177861727,0.9879904407441671,1.0995287413112793,0.8590439448117473
2.5,0.125,1.9421008255575871,1.0099952870152906,1.9527401369417887,-0.9156712026195667
2.5,0.25,2.0255871556241707,0.9124939826842713,1.1386696779562433,-1.3641114121651288
2.5,0.375,2.0297489528413672,0.8456996098863732,0.7895030906095999,-1.3986500383479488
2.5,0.5,2.0228286870806937,0.9549828055554325,0.3754956485729463,-1.4173489562695203
2.5,0.625,2.029244064832464,0.9494256665075916,0.3808479392321493,-1.3052918043131891
2.5,0.75,2.0230516186154683,0.925477163232275,0.472543746985204,-1.1762090898287392
2.5,0.875,2.013515267228133,0.9442461054591721,0.4476482597399348,-1.0235996751736132
2.5,1.0,2.006012251112041,0.9497820760681941,0.53310824811575,-0.8392927236293575
2.5,1.125,1.9902431396564266,1.0117596658407555,0.48663533705727074,-0.6796312490542139
2.5,1.25,1.931845640751052,0.9985637844182821,0.5982853718968585,-0.46597307576389163
2.5,1.375,1.7228230129257838,0.9808103624242391,0.713248269282471,-0.2680543475771932
2.5,1.5,1.0742883185781877,1.0052897031753865,0.7147469591503963,-0.04391043938895354
2.5,1.625,1.3685212548805403,1.0086398512152628,0.8292072863213716,0.17645252199129408
2.5,1.75,1.754205542661994,1.1082439086125786,0.6233324067399229,0.3851286844729839
2.5,1.875,1.8166837678291454,0.958383682645591,1.2515209571285317,0.6377496549733036
2.5,2.0,1.8980223483761796,0.9994840806116014,1.1570631542240644,0.8933982481824674
2.75,0.125,1.9686991829981801,1.0077646009035348,1.9398761765754176,-1.1177064804477417
2.75,0.25,2.0349376045490173,0.9355883122974615,0.9709646636232122,-1.5683429163553257
2.75,0.375,2.030736462012999,0.8877708184792814,0.5877521317212455,-1.6388780538224903
2.75,0.5,2.0341247674910568,0.8535811793122946,0.56339122787852,-1.5823187720199436
2.75,0.625,2.0247908859670543,0.9397166956332917,0.3798828669147002,-1.5133890177895952
2.75,0.75,2.024769699285316,0.9626581543614804,0.3640455960307439,-1.326626663696824
2.75,0.875,2.01859543104532,0.9270782868525491,0.5192926682943881,-1.1456944061128997
2.75,1.0,2.002805816304341,0.9529242830346699,0.5336113206435322,-0.9868143511095157
2.75,1.125,1.9982249916450467,0.9006593019398992,0.6994258652081908,-0.8193882096890491
2.75,1.25,1.9712894310676283,0.9013805820957524,0.8684461978862126,-0.5928145227587434
2.75,1.375,1.8391104371185771,0.9937241109631226,0.7257987744463889,-0.38531098329592045
2.75,1.5,1.3664318695629318,1.0015596292013755,0.7351854567370371,-0.12971666397130988
2.75,1.625,1.084411367923773,0.9353239737691242,1.1108210986867182,0.07228642011207964
2.75,1.75,1.6484760618299843,0.9677020333668634,1.1180445692707621,0.33837189737258755
2.75,1.875,1.8335304825569194,0.9660178909846069,1.3174966118264901,0.6077963069439569
2.75,2.0,1.887983803759926,0.9825496712835134,1.3152315710727924,0.8173991397565941
3.0,0.125,1.9823207289227465,0.9608517673548449,2.57294911060371,-1.2972537619381805
3.0,0.25,2.023855799275726,0.9146819547919243,0.947623439476643,-1.793035821672588
3.0,0.375,2.028843100634176,0.881137279442966,0.533996817019702,-1.8883653897780324
3.0,0.5,2.032103957005062,0.8920594444551551,0.44463823599586416,-1.780126481595702
3.0,0.625,2.0321306743263032,0.8550169914239265,0.5034160040831038,-1.671822151369894
3.0,0.75,2.028879830192706,0.9012016794590374,0.5037175789381654,-1.5431815949694927
3.0,0.875,2.023796349567999,0.9948794897236658,0.4142728100302567,-1.3421220479991536
3.0,1.0,2.013671425510927,0.9043124488747694,0.659457681249608,-1.1494617594445555
3.0,1.125,2.001336651367008,0.9028849317408565,0.7829428251070495,-0.9562863675591152
3.0,1.25,1.9615483444242843,0.9556583091174176,0.7536852055634689,-0.7028992809909218
3.0,1.375,1.8932199985719764,0.977834187746019,0.8104236045184344,-0.499962428035616
3.0,1.5,1.6094104454786866,1.0086187470635293,0.7908021711707561,-0.21969372264195763
3.0,1.625,1.0220321363639464,1.0228575547449308,0.8403301463809745,0.012933012928709579
3.0,1.75,1.5699557810855322,1.0705523038216396,0.8201817133243173,0.28114909029462803
3.0,1.875,1.8001345712703845,1.0043286901971022,1.1467507899189295,0.5508063845708516
3.0,2.0,1.8878079900872091,0.9655960651797125,1.5238232818767303,0.8525982031041939
3.25,0.125,1.983104239951042,1.019186337829047,2.2295762479806696,-1.536793579065681
3.25,0.25,2.0251896806532477,0.8818699915399416,1.0112937843334235,-2.043815091608799
3.25,0.375,2.0288610269503744,0.8919256642780803,0.4755773735918369,-2.0889975484997296
3.25,0.5,2.019068120894771,0.9145243534881622,0.3701957306477815,-2.025364111518421
3.25,0.625,2.027374649577386,0.8644432075290792,0.4927685414924789,-1.8808539246898723
3.25,0.75,2.0237454605612255,1.027695847645916,0.28149081998023084,-1.7030461821550422
3.25,0.875,2.0204825778444975,0.9305171161425894,0.4831457910233821,-1.5479971075318502
3.25,1.0,2.0165308648063496,0.8704789162313071,0.7110646695679892,-1.3118373840196356
3.25,1.125,2.0191129753743318,1.0067682708206906,0.5150127689147621,-1.07299506091546
3.25,1.25,1.9896772271315806,0.9621605046043955,0.704193191330415,-0.8548783275249094
3.25,1.375,1.9320574337037049,0.9899934922319167,0.76714702308519,-0.6051589401447501
3.25,1.5,1.7962990942211288,1.04616860020727,0.7197323758697702,-0.38134869263053883
3.25,1.625,1.087995468143832,0.985328387828052,0.9977368537396702,-0.07577123317782782
3.25,1.75,1.4022038111547495,0.9951000880952179,1.1912910189888146,0.23131102764461897
3.25,1.875,1.716093977042382,0.9796102226260406,1.4238351290456175,0.5176667155862688
3.25,2.0,1.859200895470157,0.9660398812707534,1.5682392379967731,0.7961515076826737
3.5,0.125,2.0009674950020186,0.9639879437518132,3.005609188673588,-1.7409057788208684
3.5,0.25,2.0314917718322962,0.8551636435359531,1.0835632939302384,-2.3089195715556317
3.5,0.375,2.0299671706461027,0.8615470967477799,0.4751393860449785,-2.313692051202701
3.5,0.5,2.0250160165228097,0.7440002006025487,0.6521642640158168,-2.274035518473877
3.5,0.625,2.024940149665378,0.8422685841575809,0.525860154424138,-2.094724935914224
3.5,0.75,2.016684522775225,0.9253179052729466,0.4107492688671591,-1.8790468257707766
3.5,0.875,2.023704712882871,0.958714114107915,0.4242483587638932,-1.6969606059312816
3.5,1.0,2.0182183188670026,0.9351545146106492,0.5699709394087416,-1.4754794645126479
3.5,1.125,2.016862285518431,0.9037891701513184,0.7479235312706919,-1.2514034598899475
3.5,1.25,2.0036297658393685,0.945776888115723,0.8360291461347622,-1.0124849255382748
3.5,1.375,1.974413362349814,0.9719921273832434,0.8313324106644954,-0.7267632840503148
3.5,1.5,1.8705252253750457,0.9659647172776191,0.9920020503334253,-0.4544631895859454
3.5,1.625,1.344649004795348,1.0115637712795869,0.9828809172617327,-0.14495243154166232
3.5,1.75,1.1455181608151772,0.9222688945290596,1.5700936634791112,0.12118187549325378
3.5,1.875,1.7364639565791744,1.0518024746563077,1.0604003113648228,0.44645973248358495
3.5,2.0,1.8494125657481877,1.0309567322893003,1.2781719802390459,0.8046680998063257
3.75,0.125,2.011256125193075,1.0086199185467895,2.3350476057935943,-1.958618008542848
3.75,0.25,2.029442845027124,0.8708729541192066,0.9664019247724609,-2.5253852728796105
3.75,0.375,2.0307786885210506,0.7299575190368496,0.7410712487280694,-2.5572522331492222
3.75,0.5,2.0289376284085514,0.7984879208883728,0.5275130029688831,-2.4464041442682296
3.75,0.625,2.025169936507981,0.7463748015923102,0.7024938946597727,-2.247055724263079
3.75,0.75,2.0231651155693013,0.883237604769574,0.46255210218356907,-2.080261005439571
3.75,0.875,2.02267789823428,0.9318270868522873,0.45710930940300465,-1.8956441532064416
3.75,1.0,2.0186634518029267,0.8886803477076947,0.6682760933665964,-1.637953832542396
3.75,1.125,2.0250410498071587,1.0139875270650163,0.4938592616595175,-1.387065457429766
3.75,1.25,2.016908748211198,0.941075362088062,0.7865491809036655,-1.096094854053756
3.75,1.375,1.987983344635623,0.8909116443455767,1.1344618878087365,-0.8117086641769662
3.75,1.5,1.9048757894009016,1.017939914733774,0.8396619213060518,-0.5608324240464406
3.75,1.625,1.5576933811349016,0.9951886192771324,1.1107757338888686,-0.21879317492322767
3.75,1.75,1.0623940552597255,1.0157071264725883,1.1762018901550788,0.06737004130341422
3.75,1.875,1.6200550937228553,0.9669369648295683,1.5199228892859733,0.3684906482359516
3.75,2.0,1.8153680637870173,0.9810533542518559,1.7205505140346722,0.7421494393306975
4.0,0.125,2.0286076971307305,0.9606786965039903,2.710247899910817,-2.2014384014765067
4.0,0.25,2.03104318800909,0.7933414601798231,1.0751172943963396,-2.750516584423787
4.0,0.375,2.026597814606448,0.7411800192479923,0.7239527317883419,-2.7657801373144526
4.0,0.5,2.0252743733035756,0.7824007967454744,0.5229532090461397,-2.654839961695613
4.0,0.625,2.0255653709898795,0.8109978651163967,0.5384735785260004,-2.4489000091504662
4.0,0.75,2.022966680241924,0.9038185097208329,0.49933121220100224,-2.2543421820703475
4.0,0.875,2.0227932445741095,0.9015620877953645,0.5580635036794591,-2.018036979228075
4.0,1.0,2.0141120985342282,0.8600908573654208,0.7679234886623555,-1.784541703911686
4.0,1.125,2.020551244665713,0.9185402386248127,0.7511683151385548,-1.5165213298882674
4.0,1.25,2.0089049230540326,0.9727054592576472,0.6863481676221194,-1.2463838408029602
4.0,1.375,1.9890470638950222,0.9884028869833962,0.8388402806092177,-0.9367713776438431
4.0,1.5,1.9345356952901174,0.9280506986340149,1.2026774969101912,-0.6571511462792426
4.0,1.625,1.7193126244350807,1.0223717884531607,0.9630993393155306,-0.3131056774803775
4.0,1.75,0.9577733776017764,0.956874107148995,1.4636222212299572,-0.010337662364649567
4.0,1.875,1.6010236700634375,1.0408936551442634,1.2932565071558813,0.3901181324308644
4.0,2.0,1.82526864459925,0.9652523815595399,1.8160258508628302,0.6693601475756739
