lp_w,Pf_Ps,alpha,beta,trap_frac,mean_vx
0.25,0.125,1.209647588457569,1.1006840745534987,0.11015555555555556,0.03449054286726279
0.25,0.25,1.3929328283862645,1.082880768556929,0.11048888888888889,0.035568117100215076
0.25,0.375,1.5601891909102883,1.0265524289495476,0.10873333333333333,0.06078139170396004
0.25,0.5,1.6789170672112739,1.0020429101881636,0.10975555555555555,0.0418824056952563
0.25,0.625,1.7463609499416193,1.0533277354089516,0.11177777777777778,0.08798548429157785
0.25,0.75,1.7835521067047857,1.097200437293717,0.10784444444444445,0.11187994402262126
0.25,0.875,1.8357410488121335,0.9979116395565834,0.1146888888888889,0.10918323751932404
0.25,1.0,1.8580639652649187,1.0212041413857702,0.11253333333333333,0.1592775970795083
0.25,1.125,1.8724823349306314,1.0218946501300563,0.11102222222222222,0.16768353549262
0.25,1.25,1.8703182696225296,1.0517772694076934,0.10868888888888889,0.16704956123480263
0.25,1.375,1.917154965486363,1.002751691752055,0.11008888888888889,0.19459825832422498
0.25,1.5,1.9148741155491873,1.056835547666494,0.1088,0.19302633025264868
0.25,1.625,1.9036400561583042,0.9804168431449236,0.1104,0.23427441950373704
0.25,1.75,1.9206870560045715,1.1052925693625242,0.11073333333333334,0.2633783647261003
0.25,1.875,1.9350892442118637,1.0842593100438183,0.10866666666666666,0.2707287958622745
0.25,2.0,1.9501620094625658,1.0647813919127098,0.11126666666666667,0.2864166215602589
0.5,0.125,1.0545598317269353,0.9691961673306186,0.18877777777777777,0.05745067769471794
0.5,0.25,1.3318786977824584,1.0403409672220834,0.187,0.09145402273948565
0.5,0.375,1.5051403327800594,1.0446280089206559,0.18977777777777777,0.12701017327192707
0.5,0.5,1.590199821444789,0.9562945125259302,0.18593333333333334,0.08596008171468171
0.5,0.625,1.7442348582195006,0.9749127013482771,0.18864444444444445,0.13305677669267696
0.5,0.75,1.777515001162874,1.036245107587419,0.18964444444444445,0.1366842344967924
0.5,0.875,1.7819140282965569,1.0099089913530361,0.19175555555555557,0.16391588696850556
0.5,1.0,1.8333884456241554,1.0172835660200026,0.19146666666666667,0.24213882613977694
0.5,1.125,1.8355247303704718,0.9856422435755138,0.1902888888888889,0.24174493566813623
0.5,1.25,1.8804716868442295,1.0432076630105438,0.1890888888888889,0.2709189022249642
0.5,1.375,1.8816064646374349,1.0722908638679434,0.18944444444444444,0.3355600555478727
0.5,1.5,1.8736618748129532,0.9882734759047811,0.18684444444444445,0.29345563873867503
0.5,1.625,1.895776135408731,1.0333357585938754,0.18688888888888888,0.3737251088435464
0.5,1.75,1.89220895469338,1.0255661467839268,0.18986666666666666,0.37910130178641477
0.5,1.875,1.9147359136269282,0.9828955331399962,0.1874,0.4244556955498505
0.5,2.0,1.90616797250983,1.07421989894721,0.18873333333333334,0.4529388844371067
0.75,0.125,1.1386163935845384,1.0793393440490913,0.24173333333333333,0.0398685063426842
0.75,0.25,1.2755047429040889,1.0217059355775269,0.24515555555555554,0.0637559118641702
0.75,0.375,1.3957768543400653,1.004171413269067,0.2464,0.0853583473147073
0.75,0.5,1.567940415082469,1.0315002017533919,0.2406222222222222,0.1672800737610363
0.75,0.625,1.6465184270839737,1.0488976441283928,0.2398888888888889,0.21053184918557769
0.75,0.75,1.6700482265732355,0.9603914442951302,0.23971111111111112,0.20306062770311664
0.75,0.875,1.7566954078032366,1.0395817769825322,0.23884444444444444,0.267162842155768
0.75,1.0,1.792489087457832,1.0317400728809532,0.24293333333333333,0.26952107143795423
0.75,1.125,1.8135789173975583,1.0321854637254615,0.24497777777777777,0.29847285263882156
0.75,1.25,1.8380834082831112,1.00994401138972,0.2436888888888889,0.3389407031030715
0.75,1.375,1.888113957218465,1.0323275063324662,0.23975555555555556,0.39139972391087713
0.75,1.5,1.8387399774699935,1.0335768794874822,0.24184444444444445,0.41363683329177464
0.75,1.625,1.8654025735789932,1.0349824165243033,0.24206666666666668,0.4492548777286421
0.75,1.75,1.87820894041102,1.094197126804467,0.24033333333333334,0.4713823667930985
0.75,1.875,1.8728733556342292,1.0288257347537282,0.24102222222222222,0.4895951499516544
0.75,2.0,1.8906518816286961,0.9517557410743492,0.23564444444444443,0.567725379441817
1.0,0.125,1.1245896107183686,1.0668599573457278,0.2806444444444444,0.019576173859499415
1.0,0.25,1.2867681589794282,1.0461287809251039,0.2771777777777778,0.10333286936920669
1.0,0.375,1.3629921591814338,0.9972095841872972,0.2779111111111111,0.10849152543096997
1.0,0.5,1.516626627941852,1.0676635841939919,0.2763777777777778,0.16598701307006514
1.0,0.625,1.5423557699664863,1.0221623176598462,0.2777777777777778,0.1561832868071443
1.0,0.75,1.697580269517286,1.0134307287161866,0.27642222222222224,0.25433548154396257
1.0,0.875,1.6941480493736973,1.0019992029153038,0.2783333333333333,0.26863898628710964
1.0,1.0,1.7621092910074478,1.0006722176893617,0.2786444444444444,0.32313429991735076
1.0,1.125,1.8031448702414883,1.0725034179129667,0.2750444444444444,0.3712941133711214
1.0,1.25,1.8110460647388347,1.043457236915467,0.2776222222222222,0.3696348729931237
1.0,1.375,1.8684974983501146,1.0943935386641526,0.27857777777777776,0.4255968562818897
1.0,1.5,1.8575079434742174,0.9994091362766856,0.27582222222222225,0.4582960273130514
1.0,1.625,1.869013000941605,1.0484694851696081,0.27997777777777777,0.49471317315288915
1.0,1.75,1.9164574349032368,0.9997211983600556,0.27282222222222224,0.5455725362510716
1.0,1.875,1.841747910665553,0.965365950362611,0.27764444444444447,0.6102360821432018
1.0,2.0,1.8803986848029361,1.0397451106143458,0.27453333333333335,0.6640847626918849
1.25,0.125,1.1189231901705525,1.0561448919938885,0.30504444444444445,0.014400572938884665
1.25,0.25,1.2677212037352914,1.0997661172277093,0.3002888888888889,0.11945610254376324
1.25,0.375,1.2780615691346169,0.9675026010170352,0.3006,0.14762572886978373
1.25,0.5,1.4432129224152406,1.027085844418694,0.3028888888888889,0.16552176141102912
1.25,0.625,1.5560391781357044,1.0170885491560757,0.30086666666666667,0.23011306293948272
1.25,0.75,1.6506528705912098,1.0646663059067005,0.3002,0.2936230741885555
1.25,0.875,1.6547589086379761,0.9936033080561405,0.3004222222222222,0.30512545266605096
1.25,1.0,1.7256362671480308,1.0498650587426102,0.2994222222222222,0.39406113937918075
1.25,1.125,1.784129951773333,1.0835497976937463,0.29831111111111114,0.4376659097970304
1.25,1.25,1.8075007439107813,0.989639566775508,0.30293333333333333,0.45939853564625405
1.25,1.375,1.840848868298698,1.0449569748423442,0.2975555555555556,0.49830254580551847
1.25,1.5,1.8185624115027152,1.0461238036233889,0.3007111111111111,0.5173253629779699
1.25,1.625,1.8231796394561752,1.0097876249944702,0.30006666666666665,0.58981558018163
1.25,1.75,1.8697369220509343,1.0277885611739919,0.3006888888888889,0.6256608535202175
1.25,1.875,1.9061853399575757,1.054563822925107,0.29895555555555553,0.6796755258891303
1.25,2.0,1.8876472430256102,1.0739947929982954,0.2994222222222222,0.6994022013347615
1.5,0.125,1.0614757797905967,1.013289612303037,0.32166666666666666,0.07324119139470697
1.5,0.25,1.2174016418583569,1.0735871090843536,0.32153333333333334,0.09012102976480231
1.5,0.375,1.299626020692316,1.055631184866624,0.3177111111111111,0.16778071292471808
1.5,0.5,1.379157435585637,1.03417392809734,0.32284444444444443,0.19030216667231142
1.5,0.625,1.5679084118573257,1.093741867191468,0.318,0.28913731613385746
1.5,0.75,1.5717540360289974,1.0590831093393627,0.31882222222222223,0.2756587747156243
1.5,0.875,1.595328217608407,0.970701168736239,0.31651111111111113,0.3961378846345678
1.5,1.0,1.6744672308343893,0.9525865375152868,0.31751111111111113,0.40672034137022484
1.5,1.125,1.7260907131880407,1.0238104990169055,0.32033333333333336,0.430522801898912
1.5,1.25,1.7817449296996248,1.0506233191898944,0.3168,0.4879740826487636
1.5,1.375,1.7796789646724682,1.0172690222727396,0.3172888888888889,0.5418975687264586
1.5,1.5,1.8135978118123925,0.9890729288750045,0.3148444444444444,0.6226153181896557
1.5,1.625,1.7986087859333288,0.9998806535259679,0.31851111111111113,0.6289335301080287
1.5,1.75,1.850940016233092,1.026044942316184,0.31404444444444446,0.7238726011692656
1.5,1.875,1.8764823333239768,1.0440168541335835,0.31153333333333333,0.7687741350303359
1.5,2.0,1.8743814133487733,1.0020721183581007,0.31537777777777776,0.8112839001282066
1.75,0.125,1.1689873467441112,1.1257753128823467,0.33355555555555555,0.05788271874688795
1.75,0.25,1.1420129674120219,1.011554154459222,0.33286666666666664,0.11012463947877725
1.75,0.375,1.2685482651779625,1.0387228199508753,0.3302222222222222,0.18468224993152957
1.75,0.5,1.4002577886936973,1.0836746081083888,0.3317333333333333,0.24979392215202054
1.75,0.625,1.459570966522776,1.011131464194219,0.335,0.2581788745620119
1.75,0.75,1.5110509680500286,0.9994808690255036,0.33426666666666666,0.31123808128852
1.75,0.875,1.6294557369084743,1.0304912144330247,0.33255555555555555,0.37467985153327116
1.75,1.0,1.684802223191678,1.003184972558621,0.3307555555555556,0.42844461565867975
1.75,1.125,1.6732045023596627,0.9734579383117833,0.32966666666666666,0.507702514872582
1.75,1.25,1.7402767694729078,0.9995862840994376,0.3297333333333333,0.5407117304159085
1.75,1.375,1.7726769038039785,1.0726707107112066,0.33195555555555556,0.5551783532829553
1.75,1.5,1.784058143036587,1.0267038568360096,0.3308888888888889,0.6330646533217502
1.75,1.625,1.7996624435318194,0.9973210920340428,0.32915555555555553,0.6713431118261983
1.75,1.75,1.7980676010704721,1.0332776932549925,0.3302222222222222,0.7399463901175952
1.75,1.875,1.850462342338187,1.0242616745101047,0.32966666666666666,0.7683848512685895
1.75,2.0,1.838529317110942,0.9694155458537478,0.32604444444444447,0.8876929767746639
2.0,0.125,1.0934455469412216,1.0531925949420315,0.3423777777777778,0.05274309420071537
2.0,0.25,1.162207232766503,1.0341644830355532,0.3410222222222222,0.13384570924274272
2.0,0.375,1.2435206197120001,0.9993366005673853,0.3474,0.14950947447823967
2.0,0.5,1.3009489603518969,0.9785147115341771,0.3416444444444444,0.27438276059174943
2.0,0.625,1.4464060114342363,1.0347426193602836,0.3433111111111111,0.3122594115583978
2.0,0.75,1.5589701296786254,1.0670178575531695,0.34386666666666665,0.3335893875358476
2.0,0.875,1.6686651929692151,1.115393980536658,0.33953333333333335,0.4143772494090744
2.0,1.0,1.5973850496441537,1.0277407293975767,0.3406,0.47944201767473577
2.0,1.125,1.6901030482205757,0.9724135804206047,0.34142222222222224,0.5392252136800583
2.0,1.25,1.7344004848835237,1.0263971727450827,0.33744444444444444,0.5989248047921566
2.0,1.375,1.7311479135425591,1.0654252693705597,0.3424,0.592913942258438
2.0,1.5,1.7872727233195986,1.0466304775833857,0.3386,0.72263718123149
2.0,1.625,1.8110906670284617,1.022279542725618,0.3384888888888889,0.7508204747414511
2.0,1.75,1.818559653787771,1.0283657257383558,0.33655555555555555,0.8492337898517375
2.0,1.875,1.8424794768826716,1.0964739302298498,0.3383333333333333,0.8305765958252809
2.0,2.0,1.8522391595507655,1.005009172598195,0.3342,0.9559846553226381
2.25,0.125,1.0591025802909437,1.0263578223138639,0.3561111111111111,0.05826041108122759
2.25,0.25,1.0687420903035327,0.9453659752772383,0.35455555555555557,0.125865377183861
2.25,0.375,1.3163649275722074,1.0906985725332932,0.35435555555555553,0.2004271894188684
2.25,0.5,1.4236528041029786,1.0944137448782632,0.34855555555555556,0.24369069206920557
2.25,0.625,1.4164455018673492,0.9939268415611707,0.34704444444444443,0.3000540112737452
2.25,0.75,1.50942104011569,1.036701481844934,0.3506444444444444,0.3720066835796345
2.25,0.875,1.555966584404955,0.9782068483772491,0.35246666666666665,0.44664244107443635
2.25,1.0,1.585672607138189,1.047144520898502,0.3559555555555556,0.43575941423149106
2.25,1.125,1.6629738167897514,1.0015162627005993,0.3479555555555556,0.5821966763905899
2.25,1.25,1.7243704314282993,1.0524410125909818,0.3517777777777778,0.6053905938287631
2.25,1.375,1.7405228197861946,1.0025321014597375,0.35344444444444445,0.6543798996158953
2.25,1.5,1.7178209726395413,0.9944224248990121,0.348,0.7267460092392192
2.25,1.625,1.7592935135433165,0.9992624193877149,0.35184444444444446,0.7555407406332357
2.25,1.75,1.7967279168288188,0.9888346637258832,0.34386666666666665,0.8615342654111737
2.25,1.875,1.8368167008578142,1.0659259205081213,0.34573333333333334,0.9252075650760757
2.25,2.0,1.8319682944215478,1.069656228425133,0.34786666666666666,0.9511682914171434
2.5,0.125,1.0091910854834607,0.9777858781688795,0.3611333333333333,0.053216052757700326
2.5,0.25,1.041079562925339,0.9755209477801898,0.36035555555555554,0.11130837384901461
2.5,0.375,1.1729650867925014,0.9671513586562498,0.36146666666666666,0.18550228898392307
2.5,0.5,1.3300458102819772,1.0312466045072564,0.3585777777777778,0.261084876151825
2.5,0.625,1.4299769965104194,1.093756819524428,0.36317777777777777,0.29963587868211233
2.5,0.75,1.5014508524750831,1.0766105294376203,0.35688888888888887,0.3964165913948865
2.5,0.875,1.503842868414969,1.0145411405764846,0.3620888888888889,0.4338491640446659
2.5,1.0,1.6719850641687068,1.1383698315322426,0.35302222222222224,0.5434073386581529
2.5,1.125,1.6546530770100574,1.0136621622519892,0.35975555555555555,0.5613994618857316
2.5,1.25,1.6981774685089626,1.0089154466044232,0.3539111111111111,0.67026442233008
2.5,1.375,1.697862128626591,0.9850538675523021,0.35484444444444446,0.7039372213312634
2.5,1.5,1.7302378644996828,1.0175403004851002,0.3509333333333333,0.7793499430070896
2.5,1.625,1.7483899973175276,1.017827934314364,0.35231111111111113,0.869456104769181
2.5,1.75,1.791878239562567,0.9917894775795887,0.35333333333333333,0.9342350149506402
2.5,1.875,1.77462316122832,0.980165657768314,0.35344444444444445,0.9426046727690167
2.5,2.0,1.8462376257764257,1.123550127315765,0.35302222222222224,1.0361403780613767
2.75,0.125,1.0148772725307762,0.9920369140426196,0.36391111111111113,0.07538617341298376
2.75,0.25,1.1155587178242896,1.046295147937974,0.3631111111111111,0.13153882921913698
2.75,0.375,1.1985842495911292,1.0029568882007598,0.3642222222222222,0.22502235648402866
2.75,0.5,1.3140136452952182,1.0363475482561302,0.36462222222222224,0.2832366985310024
2.75,0.625,1.4085610370951207,1.081116110946799,0.36595555555555553,0.301251805752847
2.75,0.75,1.4860858262117362,0.9822678616402066,0.3645111111111111,0.4147945010763283
2.75,0.875,1.5716015938213388,0.9859928938267414,0.3612,0.5021353087150949
2.75,1.0,1.5903959787831872,1.020117777329821,0.3624,0.564948232210869
2.75,1.125,1.6433397180245717,1.0365318343325916,0.36095555555555553,0.6162853568744692
2.75,1.25,1.669369962218602,1.0990594288907607,0.36535555555555554,0.6877804291504482
2.75,1.375,1.6907071450802278,1.0670708765401005,0.3643111111111111,0.7018510898138773
2.75,1.5,1.7281753734905043,1.0249091783440216,0.36086666666666667,0.7766548784175883
2.75,1.625,1.8095709949765613,1.0776896981701218,0.357,0.908345487760121
2.75,1.75,1.7231970229781324,0.9533876779772893,0.3575333333333333,0.9671881774499947
2.75,1.875,1.8413335035587033,1.057563101244278,0.3612888888888889,0.9883200875020458
2.75,2.0,1.7760134672696377,1.0144142994055583,0.36095555555555553,1.055670212739486
3.0,0.125,1.0152704631159986,0.9933144247102675,0.37015555555555557,0.06613901915585986
3.0,0.25,1.1348485223982525,1.0569622896115267,0.3702666666666667,0.1454210636014484
3.0,0.375,1.1432356780945394,1.01256280503519,0.37455555555555553,0.17414619996707686
3.0,0.5,1.2992683226583768,1.0434390984188535,0.36862222222222224,0.27037827275906046
3.0,0.625,1.3875741208058254,1.064911227060914,0.3690222222222222,0.3786448446952009
3.0,0.75,1.4398818938093267,0.988506748828248,0.36704444444444445,0.4509603873637437
3.0,0.875,1.4811634779674003,1.0110960299331226,0.3715111111111111,0.46135219685731227
3.0,1.0,1.5363861010460407,0.9854697330794487,0.3680888888888889,0.5613891154059105
3.0,1.125,1.6444627127969467,1.0508871170641372,0.3646888888888889,0.6708152013147326
3.0,1.25,1.6641376474727654,0.9797188389012367,0.3649777777777778,0.7502230262095473
3.0,1.375,1.6237164310203829,0.9867321181789555,0.37293333333333334,0.7195473473108809
3.0,1.5,1.6894426512117968,0.9982527216120288,0.3643111111111111,0.8422831164050559
3.0,1.625,1.7276482306635093,1.0564487123783948,0.3622444444444444,0.9679079343133548
3.0,1.75,1.8004181057263795,1.0577581521320136,0.36475555555555556,1.0168718842768483
3.0,1.875,1.7955365266877736,1.0244541187761655,0.36446666666666666,1.0644729261045869
3.0,2.0,1.7495530438709763,0.9557726912863451,0.36193333333333333,1.1189283638343313
3.25,0.125,1.0332958915399224,1.010391612611029,0.37844444444444447,0.0719013445806352
3.25,0.25,1.1553032412731656,1.0897558055557777,0.3734,0.1460324279592686
3.25,0.375,1.2362797249558524,1.0955471319463983,0.37595555555555554,0.23436229775202025
3.25,0.5,1.34074622569747,1.0815584228866417,0.37277777777777776,0.3388447633621506
3.25,0.625,1.3529433530139277,1.0282683619961637,0.37155555555555553,0.39382388275293667
3.25,0.75,1.4302492445687511,1.0216163675290821,0.3738666666666667,0.43102815872035427
3.25,0.875,1.5299466926901681,1.0391274038758218,0.3739777777777778,0.5359405494737706
3.25,1.0,1.615716790000277,1.1301453919479274,0.3742888888888889,0.5831374405585755
3.25,1.125,1.5582471229683836,0.9975197093747334,0.3702,0.6894557605603834
3.25,1.25,1.6465055437910436,1.1105393565634765,0.36646666666666666,0.7907592000201165
3.25,1.375,1.7739817618775393,1.0685594973563703,0.36875555555555556,0.8526536535165555
3.25,1.5,1.7263074444792528,1.108822891300952,0.3710222222222222,0.8563674987864041
3.25,1.625,1.7448745878004577,1.056690547259806,0.3682888888888889,0.9606445087624355
3.25,1.75,1.729271569483071,0.9407160723373658,0.36791111111111113,1.040649149741753
3.25,1.875,1.769507229580502,0.9401258020532004,0.3682,1.1212314053464663
3.25,2.0,1.8183175485213343,1.0623758000065164,0.36817777777777777,1.2006568384413
3.5,0.125,1.0265285564924702,1.007125919532546,0.3809777777777778,0.07897488046791995
3.5,0.25,1.1392512974312206,1.0778979512116114,0.37975555555555557,0.16628210005942926
3.5,0.375,1.1620659364953119,1.035112902368081,0.37855555555555553,0.22982863625607122
3.5,0.5,1.3107271744244327,1.041538259398767,0.3772888888888889,0.3303132782408587
3.5,0.625,1.3095475727995498,1.0475247678339634,0.3818888888888889,0.38417537739066654
3.5,0.75,1.4539015754287188,1.0005202074865456,0.3794888888888889,0.41891399104949045
3.5,0.875,1.4840917720918014,1.0560433500558764,0.3771555555555556,0.5355336909879609
3.5,1.0,1.5538419534952665,0.9827520637336548,0.3773111111111111,0.649976323117042
3.5,1.125,1.5866681718515059,1.0711367915243808,0.3786888888888889,0.6563489345122386
3.5,1.25,1.6299907917312584,0.9790380236190421,0.3691111111111111,0.8262590899542047
3.5,1.375,1.6946142232244228,1.0764656760859257,0.37306666666666666,0.9067028951375086
3.5,1.5,1.7005272098229394,0.9889624330380067,0.3732,0.9357424531633571
3.5,1.625,1.6809742068964348,0.9644878443455045,0.37493333333333334,0.9552827396556006
3.5,1.75,1.7795705180138124,1.0606806223916194,0.37122222222222223,1.138218745013463
3.5,1.875,1.7644472691127995,1.0355998152794947,0.3705333333333333,1.1835634179781338
3.5,2.0,1.792088478913142,1.1050066484198364,0.37322222222222223,1.227661168714472
3.75,0.125,1.0478051128635277,1.0380100897279556,0.3826222222222222,0.08634160394469255
3.75,0.25,1.0696928316013956,1.0132734566934347,0.38093333333333335,0.19615082444998438
3.75,0.375,1.1634061691719029,1.0341573515903804,0.38024444444444444,0.27000431793968493
3.75,0.5,1.2616520194111152,0.9979232742827955,0.3802888888888889,0.3464024054243349
3.75,0.625,1.3709326068697516,1.0770114626661522,0.3824222222222222,0.404513435244788
3.75,0.75,1.3759123954575634,1.0028360831723002,0.3824666666666667,0.4794276723236783
3.75,0.875,1.4434612114056513,1.0307744212379932,0.3835777777777778,0.5290358461585412
3.75,1.0,1.525583783455714,1.0761430747698575,0.38351111111111114,0.5980006795406866
3.75,1.125,1.560558932881794,0.9660382457416636,0.37862222222222225,0.7447559801672302
3.75,1.25,1.6216932205842656,1.0548868419978756,0.3772888888888889,0.8503562738305037
3.75,1.375,1.6539383028436856,1.0585443311286327,0.3761777777777778,0.8753162338650504
3.75,1.5,1.6930188893246416,0.9525539238177863,0.37806666666666666,0.9601892022817636
3.75,1.625,1.7145022496142883,1.000050559800121,0.3748888888888889,1.1172221658825296
3.75,1.75,1.7403910440111416,1.0831968778370504,0.37708888888888886,1.122030096825048
3.75,1.875,1.7569582774622035,1.0332129536407797,0.3741555555555556,1.2316416539109187
3.75,2.0,1.7684809037123683,0.9616536803917665,0.3750222222222222,1.2840346390252604
4.0,0.125,1.0887253347292607,1.0819373157955243,0.38535555555555556,0.0788872879881185
4.0,0.25,1.1281995853396851,1.0640693382740776,0.38822222222222225,0.15038153779395974
4.0,0.375,1.161368511230759,1.0348475818187546,0.39022222222222225,0.20992698830203352
4.0,0.5,1.2552615278956076,1.0621213579657207,0.38326666666666664,0.3404303646140957
4.0,0.625,1.2953581197714104,1.0218821746362772,0.3851777777777778,0.44107171116211513
4.0,0.75,1.4359262284866423,1.0611717694476182,0.3861777777777778,0.4408052959360706
4.0,0.875,1.4914368002119565,1.0670948220633392,0.38593333333333335,0.5668196560092514
4.0,1.0,1.5102762298358765,1.0144653714367262,0.3864222222222222,0.6105802202780977
4.0,1.125,1.5761668010528276,0.9560308088049598,0.3828666666666667,0.7383201213976976
4.0,1.25,1.6005647530899256,0.9978122682767545,0.3824888888888889,0.8500207417803517
4.0,1.375,1.659785886609972,1.021682373197148,0.3838666666666667,0.9070444934176581
4.0,1.5,1.6907135264326976,1.0516543549878148,0.38024444444444444,1.0135324268117574
4.0,1.625,1.7459059100670524,1.104827309438721,0.3824,1.0718874144694313
4.0,1.75,1.7266116057052574,1.0283494328442198,0.37795555555555554,1.1815342000158433
4.0,1.875,1.760242754722924,0.9863852304429539,0.37737777777777776,1.2748538623539483
4.0,2.0,1.804555770855841,1.0883083305628265,0.37637777777777776,1.3702753710042093
