# G = 0.0
# D = 0.01
Ps,Pf,alpha,beta,D_eff,mean_vx
0.25,0.5,1.9175316092026982,1.0607747943228705,0.04636454279222753,1.0484689502802067
0.25,1.0,1.9565452179204443,0.9972915824524767,0.11130911374913956,2.521666651044069
0.25,1.5,1.962919150176242,1.0839490549592123,0.1604704172061458,3.8600394702525764
0.25,2.0,1.954108469523799,1.0658472158842165,0.3315361923599453,5.405636278975326
0.25,2.5,1.951115810224333,1.083723368590924,0.5139350306677641,6.612393655651914
0.25,3.0,1.9599903529854177,1.059512464325049,0.8547841677975585,8.06223712308199
0.25,3.5,1.9514799919635242,1.1242058102777828,1.0489170876531482,9.530890203575584
0.25,4.0,1.955091293070753,1.1646004136129555,1.1631070902796203,10.838804832723984
0.25,4.5,1.9437708091825707,1.1018535366318234,1.9782042028623215,12.099378692385892
0.25,5.0,1.9418777772155045,1.1146846606134257,2.4140811482084303,13.353768199780442
0.25,5.5,1.9421967056498814,1.1574768181068844,2.605247670102049,14.719445065935878
0.25,6.0,1.9329608868895665,1.1222594845572813,3.593795256698953,16.116978111747912
0.25,6.5,1.9271694937560884,1.1433470032862483,3.928275381585167,17.42127650513088
0.25,7.0,1.9358649471858111,1.1026777585897616,5.4219151690915295,18.86352610740581
0.25,7.5,1.9406582413751587,1.1294555178166186,5.5855576201549395,20.043573028337946
0.25,8.0,1.942712202395492,1.13894061078669,6.081797834840964,21.400272621039832
0.5,0.5,1.7521850540992177,1.0085531743586589,0.10290416707288191,0.3328510276566127
0.5,1.0,1.9510665206285218,1.0571913771232686,0.08138553188280633,0.9851527309621846
0.5,1.5,1.97773981090424,1.0023379941149095,0.12886323489306176,1.7818446787669142
0.5,2.0,1.9803089178666042,1.030660946722387,0.16872373892499734,2.4847569424649114
0.5,2.5,1.9824570191446502,1.042511428649905,0.2512894143523788,3.3056949254414643
0.5,3.0,1.9775796558000043,1.1214957211479364,0.304659611011432,4.061673033400879
0.5,3.5,1.970519899671205,1.030317557773518,0.6498561413170155,4.707924208756206
0.5,4.0,1.9739977748485806,1.0896505514689159,0.7533755815695323,5.3965318754760565
0.5,4.5,1.9790261696456937,1.0369394774062695,1.3308345998534827,6.148925185748028
0.5,5.0,1.9647327020524714,1.0881157635486272,1.6062861418930698,6.8225342930478625
0.5,5.5,1.9732608320149607,1.0825285330580068,2.0184116180694667,7.435248762779002
0.5,6.0,1.9567151679052779,1.136086446584688,2.1541120413724966,8.187318272621289
0.5,6.5,1.9604338271358912,1.110965964693601,3.0308061848703307,8.862160069045194
0.5,7.0,1.9562072908430261,1.1034943495198482,4.019589766277052,9.50449292897962
0.5,7.5,1.9517080130480937,1.1303807712638,4.14709010204028,10.28422303656188
0.5,8.0,1.9468048502032886,1.1588717381706324,4.463623929001231,10.89402044406747
0.75,0.5,1.0492809886898424,0.975947505701551,0.19863835102655245,0.05341817979399654
0.75,1.0,1.8814290818351358,1.0269097512041832,0.12728085951724372,0.3796828832763979
0.75,1.5,1.9647095179335723,0.980686330875288,0.1322174235823428,0.909843751192463
0.75,2.0,1.984286446384069,0.9938613753467589,0.14113054422144883,1.4550934137383622
0.75,2.5,1.9892237607449035,0.9624047892713425,0.17753091445549316,2.0164826695696276
0.75,3.0,1.9952902586482038,0.999104300865693,0.22969420474661292,2.5737802009851953
0.75,3.5,1.9917071314451005,1.0074451262051205,0.3086129771479396,3.0828170509463386
0.75,4.0,1.990610537688005,1.059222843607808,0.3908091544457586,3.630309194327188
0.75,4.5,1.979919469084182,1.1398829508772848,0.4417821130857636,4.1000343164681
0.75,5.0,1.983218030807438,1.0691945349654246,0.8045963359385645,4.543560157434208
0.75,5.5,1.9866305637321746,1.0364544552755297,1.3347758642386514,5.025773540390245
0.75,6.0,1.9813253753351452,1.12880131951661,1.3219674566603135,5.519277675736249
0.75,6.5,1.97525744999242,1.100487606638138,1.8260622120113505,5.98814268893576
0.75,7.0,1.9667325801549598,1.0437936767831364,2.9631798428138656,6.415849970940997
0.75,7.5,1.9709164402948067,1.1042531879121753,2.9618441137860576,6.887425924485227
0.75,8.0,1.9623349164069297,1.0826127174275597,3.7621199258288827,7.34088005550982
1.0,0.5,1.3986528072228583,0.9264406038436865,0.3833201530628767,-0.10320870848177233
1.0,1.0,1.5285445542673979,1.0127487940492546,0.1684646593618166,0.12051957750100942
1.0,1.5,1.9312226997916846,0.9773756469700661,0.17119189269303217,0.4941274567233531
1.0,2.0,1.9826462175951165,0.9537467110324683,0.1822835673605109,0.8932891179511744
1.0,2.5,1.993878697114914,1.037301222890505,0.12704968163844985,1.3027387033022324
1.0,3.0,1.9947595485207414,0.9645454569815777,0.1748491870561128,1.7734425325876981
1.0,3.5,1.9920576500790141,0.9856090462050954,0.20766211208988605,2.1933056840818193
1.0,4.0,1.9912388748026926,0.9945430782043893,0.24071442163585013,2.6188157601174957
1.0,4.5,1.9939899827379837,0.9843639675305411,0.3624169222014981,2.9736684222660728
1.0,5.0,1.9918412579820626,1.0208059666481761,0.46756581456725194,3.372685656560736
1.0,5.5,1.9912233211980186,1.0044741716421817,0.72313794311223,3.7474946102262443
1.0,6.0,1.9873988991603937,1.0559198441108184,0.8313126066460893,4.1196780517326586
1.0,6.5,1.9829626661345519,1.080530167820811,1.0809058881017195,4.487571431796867
1.0,7.0,1.9881837437676513,1.0411262322722246,1.6971203332415978,4.8327049802372555
1.0,7.5,1.9801760138051052,1.0885352654732756,1.8249073384018615,5.212217650472649
1.0,8.0,1.9795475067315373,1.1339198693117745,1.8730476432139398,5.552606257344573
1.25,0.5,1.71417736283381,1.0065958087452522,0.4205237457848532,-0.18428527987174909
1.25,1.0,1.4766944355056941,1.0368292580681107,0.19484842354683912,-0.0774443804915739
1.25,1.5,1.7889369150967402,0.9766439080374318,0.1957214583700288,0.1993332288054938
1.25,2.0,1.9638818392172785,1.020456756934851,0.16032521430203486,0.5010921038095377
1.25,2.5,1.9783580226619115,0.9441204336088239,0.21180815803516614,0.8815582009650189
1.25,3.0,1.994392209457809,0.957548786768051,0.18607236062653862,1.2342401963525027
1.25,3.5,1.9923862405614587,1.0371094202735442,0.13922871627513086,1.6147401540423165
1.25,4.0,1.992958052217655,1.0537507023114052,0.15585799610427314,1.9517630859008857
1.25,4.5,1.9964196312548108,1.051624142182414,0.17885766684428137,2.2787579605420882
1.25,5.0,1.9959690900167761,1.0372991027595724,0.22979139884615937,2.639207998884113
1.25,5.5,1.996211136669368,1.0634677220936952,0.3088741724725086,2.9362291684981403
1.25,6.0,1.9930822866890587,1.0156627267955547,0.466283605535194,3.2757303626727783
1.25,6.5,1.992787263788886,1.1064036421735817,0.4604626431743598,3.575220196365526
1.25,7.0,1.9891024550347656,1.0275007903634796,0.954633028723606,3.8822259597586006
1.25,7.5,1.9932253342628576,1.005538246455733,1.3455241153936528,4.183274707598589
1.25,8.0,1.9884265669663599,0.9904309426548676,1.809859333166841,4.428970469907523
1.5,0.5,1.8366389650619233,0.9965685617198821,0.645275332000074,-0.23140150800142392
1.5,1.0,1.9233509270687974,0.9800640048420807,0.31597106260814767,-0.2152517235065591
1.5,1.5,0.9612059569086381,0.9550559581287597,0.2411941633237207,0.000586561442078954
1.5,2.0,1.9030662285492055,0.9971392872354532,0.17194503277299303,0.2810187587062927
1.5,2.5,1.9662207493692347,0.9533314713061364,0.20170290857895737,0.5643761704005689
1.5,3.0,1.9870573737193338,0.960115487731002,0.1884122249847727,0.8720662602888057
1.5,3.5,1.9963983008220838,0.9917089448711556,0.1729523493520219,1.1644198225009212
1.5,4.0,1.9923113315669156,1.045135746563658,0.15876900697478874,1.4837480749864176
1.5,4.5,1.998774599654027,0.9936574360187025,0.18738308465095516,1.7729341317655403
1.5,5.0,1.993588927980021,1.0070300575650089,0.19751200005450797,2.0765268243852564
1.5,5.5,1.9942887729239491,0.9767503135423609,0.2595865275022448,2.359888139961616
1.5,6.0,1.9953871500335525,0.9846536558263902,0.30783111987923395,2.6334752907328203
1.5,6.5,1.9957502603402801,0.9851992588216019,0.4042044624632589,2.92523681221584
1.5,7.0,1.9961948167015868,1.0283514732704928,0.47478717052613284,3.179307867058388
1.5,7.5,1.9962654166403317,1.055555215166926,0.5609299742012258,3.441117746578175
1.5,8.0,1.990424987155903,0.9929916184388293,1.0148617625918457,3.679669078793456
1.75,0.5,1.8883035967186883,0.9811120795601445,0.8645991586969772,-0.288991424993866
1.75,1.0,1.9905631737672382,0.9679433776247857,0.39438691119581826,-0.2847345817657648
1.75,1.5,1.845658330566848,0.9053521398694959,0.3045342401724094,-0.1268326340683978
1.75,2.0,1.6623780549154654,0.9875200514447302,0.1837319852654211,0.0844519787373367
1.75,2.5,1.9499329616780388,0.9938968779919631,0.18526054733154812,0.3345327835340825
1.75,3.0,1.9774265065817211,1.0274433809433872,0.15847061240844315,0.5885034282606618
1.75,3.5,1.9888741813080764,1.0174992435004169,0.16749682054710302,0.8546206494345248
1.75,4.0,1.9941163294350512,0.9815416997988765,0.1871867980904362,1.1009711363138532
1.75,4.5,1.9946632422303254,0.9825933046072024,0.19698211274673888,1.381919255296699
1.75,5.0,1.9969023659194265,0.9733849508245027,0.20651074340537431,1.642512143002934
1.75,5.5,1.998028412890838,0.9856478024101528,0.2052901904430914,1.900298376211835
1.75,6.0,1.9978825066629404,1.0046293191246392,0.21151191748516543,2.1618428372432485
1.75,6.5,1.9954566851439044,0.9742626010165835,0.2803450959143293,2.409862117621117
1.75,7.0,1.9975120487419713,1.006953859925519,0.3229415069468492,2.6426524568587415
1.75,7.5,1.998770341394888,0.9940926602177766,0.398224682428111,2.8853154603473286
1.75,8.0,1.9962309128831004,1.0333288493375472,0.4528371456439051,3.1341951437648263
2.0,0.5,1.8916563088022,0.9715869068027411,1.1465804196317866,-0.32372188297400395
2.0,1.0,2.0102689352119434,0.9283292514308926,0.4965123369796424,-0.3513286384023227
2.0,1.5,2.006577020850299,0.8906965847990796,0.3547416209870395,-0.2271367530808586
2.0,2.0,1.4641650282461294,0.9171627324403788,0.2476694789177585,-0.04782839846960476
2.0,2.5,1.8274561692096303,0.874423535807096,0.27488681759055045,0.15281576747752712
2.0,3.0,1.9619163930215275,0.9774448286812967,0.18012946286732473,0.38102117426929344
2.0,3.5,1.985000531825434,0.9829783128868855,0.18621012078499916,0.6145973512768197
2.0,4.0,1.9915253599893123,0.9653154005792289,0.20143027054407137,0.8379037573803015
2.0,4.5,1.9945887862466893,1.0190638732754556,0.17203788741110967,1.0671379642445564
2.0,5.0,1.9966938600519264,0.9807134494882206,0.20028065611814966,1.302696784787494
2.0,5.5,1.9974116138749454,0.9969606552757073,0.17466113355356305,1.5413587687474366
2.0,6.0,1.99895533929702,0.9877456406753363,0.19910868670490925,1.7623000112285994
2.0,6.5,1.9982668473309677,1.0045807358651384,0.21085024021958543,2.0053146211454607
2.0,7.0,1.9973228665220677,0.9948937479990093,0.24099419951816164,2.2373323853257725
2.0,7.5,1.9975795216910723,0.9711023786527582,0.3071810031384428,2.4622791307861025
2.0,8.0,1.9974711576629303,0.9966597396569865,0.3181335179761113,2.6711590220824633
2.25,0.5,1.9274119723737757,0.9996983263501049,1.393133377264716,-0.352576037446467
2.25,1.0,2.0014109938826583,1.0322404879785705,0.3926882377211609,-0.39978678113325244
2.25,1.5,2.0190139203450292,0.9342210587989663,0.3131726412032806,-0.30356956186263084
2.25,2.0,1.980751922975026,0.9767514068598172,0.20957732525173275,-0.14512719608511676
2.25,2.5,1.2325325793568156,0.9856021960574893,0.1613857593105053,0.03200263237058323
2.25,3.0,1.9056642587201893,0.9266081885452107,0.22081254525056965,0.21466043552734396
2.25,3.5,1.9776513111038463,1.0167066114121253,0.1669926676587176,0.4293259328283422
2.25,4.0,1.988602383551374,1.0344883071382907,0.1652861270583933,0.6227881472608702
2.25,4.5,1.9899066548745254,0.9979149963623974,0.17647390754708694,0.8179092869711857
2.25,5.0,1.993576283258103,1.00103292689634,0.18841051113039667,1.036013554368638
2.25,5.5,1.9969760702877377,0.9604331955420659,0.21971074684300138,1.2574428413899228
2.25,6.0,1.9982764799691817,0.9394693714395796,0.242616653163363,1.4603956204544337
2.25,6.5,1.9985909924654874,0.9945000177878018,0.2090137537831246,1.6701343396775754
2.25,7.0,1.9983728511285899,0.9785016695951372,0.22281991533594456,1.8687310818321374
2.25,7.5,1.9981741431829623,1.0183472178020272,0.22240929158684755,2.0913665613566925
2.25,8.0,1.9986819284178108,0.9698828399171153,0.2737968591911251,2.2880680384229004
2.5,0.5,1.9441915167852277,1.01523404217497,1.5270293870872036,-0.3526071941001362
2.5,1.0,2.0354853028800783,0.9467226125632294,0.6499328513236631,-0.44091592664868795
2.5,1.5,2.037063351313704,0.9085763251879302,0.3651696722563309,-0.36692488049713645
2.5,2.0,2.0236113470363315,0.9587804194556132,0.21302844420932518,-0.23296005919674104
2.5,2.5,1.9071829690483664,0.9198835755720299,0.2021301475775254,-0.07930536645154841
2.5,3.0,1.7736179943124337,1.0723337289202646,0.11590945247950189,0.08709819955723183
2.5,3.5,1.9569646958454894,0.9740245958084196,0.1769240244287355,0.26804708905110913
2.5,4.0,1.9833962261662783,0.9706555983455424,0.1856947142494651,0.4410081165870844
2.5,4.5,1.991564584475092,0.960826334830563,0.2048261795684744,0.6314241886569621
2.5,5.0,1.9881263384105892,0.9840125862660506,0.19181566007758072,0.8185728180521472
2.5,5.5,1.9933789013728953,1.0128294198131855,0.17048868765928862,1.00888799865074
2.5,6.0,1.9986318347996348,0.9903054262107709,0.20022699978815128,1.2040530578999729
2.5,6.5,1.996104441949252,0.9891463636193422,0.2061300890216923,1.3860299785247212
2.5,7.0,1.9966667448666973,0.9510692408321935,0.2564637710196486,1.5880428358260552
2.5,7.5,1.999160699002928,1.001168354391287,0.23679546968158183,1.7882972760488662
2.5,8.0,1.9972572730335616,1.0116257924186278,0.22580289573338347,1.9741860863400436
2.75,0.5,1.932372577695869,1.007148593897119,1.897145396523933,-0.3623601807665801
2.75,1.0,2.018893093912481,0.9870546109143814,0.6095007042891617,-0.4776663551681386
2.75,1.5,2.0294256531523946,0.9641140974264635,0.30782194380694744,-0.4137480918654717
2.75,2.0,2.024585797515711,0.8695846892259637,0.2875717350144105,-0.30347771668237283
2.75,2.5,2.005651587056667,0.9076999216876317,0.22251440842753192,-0.16164872121946106
2.75,3.0,1.2137173695166845,0.9011650917715606,0.20195465866577383,-0.01733388885575348
2.75,3.5,1.9146684592487277,1.0101951274039034,0.13707111644637895,0.13633720372370214
2.75,4.0,1.9702518559642752,0.9786306202718236,0.15879430115118626,0.31237375438826037
2.75,4.5,1.9865236332070304,0.9712151532320557,0.17738540801875194,0.46004790298347165
2.75,5.0,1.9928790548957436,0.9242179572251111,0.22558233963781715,0.6317971395634276
2.75,5.5,1.993096303547633,1.0002707679508633,0.17783713517048855,0.7978283696366781
2.75,6.0,1.994781063359155,0.9547492934042564,0.24361075372773286,0.9851284982259163
2.75,6.5,1.9953912700927676,0.9634740041544826,0.22241627894560467,1.1605550432694034
2.75,7.0,1.9948364843626232,0.9894574997793641,0.21304792905143669,1.3320734225929145
2.75,7.5,1.9976247484940215,0.9832659302364479,0.229881223483461,1.4983673615968087
2.75,8.0,1.996812460946585,0.9397752021630362,0.28105566387623054,1.688536035026759
3.0,0.5,1.9579223828504968,0.986662809028789,2.371958112398753,-0.3898047761564784
3.0,1.0,2.028647979585444,0.9499232846493577,0.8664203098414938,-0.4939673401303559
3.0,1.5,2.022823428133626,0.9391895947307194,0.3901516237183057,-0.4549454163364843
3.0,2.0,2.0216573720061275,0.9263661746346152,0.24307255701450892,-0.3638341401021316
3.0,2.5,2.017166206599824,0.9243025730097733,0.19683451216059827,-0.24203875865454702
3.0,3.0,1.9893222110264632,0.9937729291210817,0.13673207463407205,-0.10994163354653291
3.0,3.5,1.4908660376180238,0.8528515913325823,0.23577627616034413,0.03748552002270188
3.0,4.0,1.9383785886251896,0.9687198379438273,0.15899578768752579,0.18526436041401675
3.0,4.5,1.9754831581328864,0.9682285043436423,0.1636605684579631,0.3271294712849892
3.0,5.0,1.983516967479927,0.9084023233870675,0.21644777403473453,0.49975309149718045
3.0,5.5,1.99016745327509,0.9370435146260799,0.21922976254919577,0.6460782387198403
3.0,6.0,1.9949565734846204,0.9572554823886429,0.20988268965991666,0.8014744989730667
3.0,6.5,1.9947657499390425,1.0010264861837281,0.19856568843564218,0.9622579313128389
3.0,7.0,1.994427323418718,0.9311800310065118,0.2637903168071521,1.1218167197413675
3.0,7.5,1.9952133684848201,0.9695748585032355,0.24516613914485172,1.290702179675735
3.0,8.0,1.9971953984947863,0.9438254674351256,0.25943301877532965,1.452431104723946
3.25,0.5,1.941847032973959,0.971426561708449,3.253897893727503,-0.39587410706369014
3.25,1.0,2.023501691244241,0.93035657099101,1.0385948782494607,-0.5183116023045653
3.25,1.5,2.027861120735451,0.8987967096451875,0.4528621702734104,-0.4968236586041704
3.25,2.0,2.0249264119066126,0.9192876724003677,0.25453412941429643,-0.404033030303886
3.25,2.5,2.027707574428524,0.8523812539322718,0.24936725338880072,-0.2905170520877557
3.25,3.0,2.0328200472944324,0.9321625169979335,0.17091074052769678,-0.1742398211872986
3.25,3.5,1.804041051039065,0.905289843532743,0.2012524906545605,-0.043863589401208665
3.25,4.0,1.8647436779968563,0.9573343379248628,0.15230456146054797,0.081879814854039
3.25,4.5,1.9572532974341885,0.9297914150357713,0.18742152318691127,0.21317406384102272
3.25,5.0,1.9851424455192255,1.008594965559555,0.13723911456127635,0.36263073696735415
3.25,5.5,1.9889922723412103,0.9872783516147516,0.16198268211742978,0.5055112139201065
3.25,6.0,1.9943862495774753,1.0085008296368199,0.1610837845599428,0.6450740164898386
3.25,6.5,1.9938609499875628,1.0161068668784503,0.16619038131754887,0.8104339551882946
3.25,7.0,1.9973067343090185,0.9720514509184364,0.21004606740924134,0.95420937993649
3.25,7.5,1.9944945573828223,0.9223421636945294,0.2802094507299899,1.094902485501104
3.25,8.0,1.9987288480516168,1.005646047696427,0.21481447344131838,1.2385919812069257
3.5,0.5,1.9644966917759117,0.9539835581097464,3.6397005084203355,-0.4001776821516474
3.5,1.0,2.0334635273432813,0.930317447217876,1.1952229718573715,-0.5313537312862615
3.5,1.5,2.027827488349168,0.8553516613759384,0.5879519480072677,-0.5151152831783826
3.5,2.0,2.028887296094078,0.8295459560591728,0.3599467110266908,-0.44837052203911343
3.5,2.5,2.024050342392375,0.8331474151990949,0.27779882168434145,-0.3451725704100146
3.5,3.0,2.0223400478076017,0.9138083611908642,0.18316115149004883,-0.23080318630839453
3.5,3.5,2.0117670664781686,0.9354910615391895,0.16803964324388132,-0.11486377568288507
3.5,4.0,0.992251178174013,0.9626042966925142,0.14656824976453656,0.003967184675830442
3.5,4.5,1.9192851431753848,0.9276610052074294,0.17393712190742422,0.13482578978027843
3.5,5.0,1.9744863360386598,0.9186022838472647,0.17611333722584607,0.2539256630887307
3.5,5.5,1.9781346256950432,0.9922866170788011,0.14679366659831344,0.3855846457664908
3.5,6.0,1.9928166918190613,0.9661112429345495,0.17622224273104456,0.5254199447995113
3.5,6.5,1.9940124631381089,0.9470566988704276,0.19715538298663787,0.6607102051163575
3.5,7.0,1.9926271723333984,1.0154991871706862,0.17931612221383098,0.7976629694503882
3.5,7.5,1.9959327794555999,0.9387829396903394,0.23272773672356636,0.9278399523812828
3.5,8.0,1.9963569852589071,1.0125508596038124,0.1968595712822466,1.0705133365580939
3.75,0.5,1.9611390689697994,1.018816772423202,3.309110125211527,-0.42455545500896347
3.75,1.0,2.025239248446566,0.8983588115613411,1.5248023657280974,-0.5500807775491502
3.75,1.5,2.029270718684443,0.910736858543252,0.5009472253571893,-0.5400600380011196
3.75,2.0,2.025262683258946,0.8633897728583014,0.33614827910946427,-0.4801350015962338
3.75,2.5,2.0219531980118246,0.7987523009669975,0.28557154798789997,-0.39136595440211625
3.75,3.0,2.025990953863128,0.8719474622242189,0.2021731940038537,-0.28281712046375074
3.75,3.5,2.0293984772397815,0.9399604795317598,0.14260405968443504,-0.18354575564448783
3.75,4.0,1.94490308811836,0.8997245246037756,0.16893364421850593,-0.0664559309450607
3.75,4.5,1.7310198898773035,0.8912924679311588,0.17680570930762154,0.05200227070434196
3.75,5.0,1.9481975857648952,0.9371671460060206,0.1562995260676181,0.16593058921875378
3.75,5.5,1.9750709188234818,0.96592237770421,0.1500658450458613,0.29025787885992915
3.75,6.0,1.9885966811385585,0.937182334098831,0.1807763530302745,0.4128728862461422
3.75,6.5,1.988681159810765,0.9924933328845343,0.15877700407193682,0.5359943756588755
3.75,7.0,1.9935851185261182,0.9585316522162499,0.20219197280123605,0.6619750812316865
3.75,7.5,1.9933982986054686,1.0060465071383378,0.1847677615496153,0.7952618479214478
3.75,8.0,1.996701478321198,0.9282440936340546,0.25836842893368284,0.9177130001055052
4.0,0.5,1.9533127375737478,0.9246728443235317,5.206225806127957,-0.42073738810228717
4.0,1.0,2.0343407931928605,0.9366190727607054,1.5083838916619074,-0.5789283253386522
4.0,1.5,2.022930931514084,0.9335174589586673,0.5156260539400139,-0.5612092129429918
4.0,2.0,2.0207924513016007,0.8694880015914823,0.3485851529478654,-0.5038496361377023
4.0,2.5,2.0308968279004342,0.8380118178495748,0.2680004040305119,-0.4262389440241544
4.0,3.0,2.0272465847126506,0.8745556014003729,0.18840893406708595,-0.32520370588167596
4.0,3.5,2.026933808544989,0.9105386249515992,0.16103576592015442,-0.22984610248034754
4.0,4.0,2.0274901979088464,0.8767749717258755,0.1698163510266318,-0.13261884629523346
4.0,4.5,1.501866547336867,0.8992264973387659,0.16306072253011422,-0.026267020000581176
4.0,5.0,1.889868353888061,0.9323972972723508,0.16116291687023238,0.08694314599034134
4.0,5.5,1.9662951680403566,0.963432553945962,0.1359423867470378,0.19779213959289077
4.0,6.0,1.9847530094809038,0.9721969409925681,0.14233092697872576,0.3302796145215206
4.0,6.5,1.9849690069376422,0.8986538043770222,0.21597256216328395,0.4329608635338108
4.0,7.0,1.9930656118817567,0.9646393058140068,0.17897679340338193,0.5511180440571359
4.0,7.5,1.9917661793299954,0.9773209423547469,0.17781989928887731,0.6613955643658119
4.0,8.0,1.9939968489073747,0.9718174832748419,0.21202572872704795,0.7837006345461399
