# G = 0.0
# D = 0.01
Ps,Pf,alpha,beta,D_eff,mean_vx
0.25,0.5,1.9178498576080072,1.0911002071101172,0.0547401574760677,1.1442200090692325
0.25,1.0,1.9225548133164025,1.0831091003322548,0.13325024165311647,2.228828218332113
0.25,1.5,1.9254793673213255,1.0312285349411954,0.31810979391934135,3.2912139017842423
0.25,2.0,1.921495529800898,1.0602024837797348,0.4993663467784344,4.357432550598633
0.25,2.5,1.9210696237331264,1.054931865261782,0.7472805049721948,5.619829296595168
0.25,3.0,1.9217372685349812,1.0481751357621871,1.1140870405175485,6.561514643121062
0.25,3.5,1.9207510832876369,1.0505071798270036,1.5453468227289575,7.807521223830789
0.25,4.0,1.942064314560717,1.058554884784803,1.807955442255017,8.907239805264355
0.25,4.5,1.9204611217882102,1.1130669091507899,1.8650590968121974,9.944538889494682
0.25,5.0,1.928978392446162,1.0284769656350743,3.196193249761489,10.976021777366524
0.25,5.5,1.9262643849918764,1.0240545830718937,3.9103175907010486,12.074781484156663
0.25,6.0,1.9297131694987846,1.1270933505794407,3.343658756145542,13.400053849562548
0.25,6.5,1.9343185667399925,1.1146883701061567,3.7539686315972127,14.395896422506638
0.25,7.0,1.9263555292544674,1.0226472441858245,6.545571683750685,15.515992260896256
0.25,7.5,1.9181429755744779,1.0737207523787038,6.0594150541677365,16.579398569786438
0.25,8.0,1.9309929250181495,1.057257368971668,7.488677415282658,17.652579707992665
0.5,0.5,1.824498047429858,1.0338101160985367,0.1421149312552027,0.45114673056940197
0.5,1.0,1.904908517320702,0.9980606215134652,0.2516510868809149,0.9048943647935944
0.5,1.5,1.9181385884307451,1.033462127118295,0.3111777534167163,1.3134623361640532
0.5,2.0,1.9151567298564922,1.033916599850669,0.45161007004377884,1.8053489523615476
0.5,2.5,1.9106350340241625,1.0218045577464347,0.7025128434974325,2.1752007828070314
0.5,3.0,1.914136688652325,1.029730446441031,0.9469801282063587,2.5905521906731965
0.5,3.5,1.9334221105003049,1.0516594546996636,1.1510047350306924,3.130903140632849
0.5,4.0,1.9201243556024312,1.0589595789328805,1.3788843861017792,3.5390659543836374
0.5,4.5,1.9167552972757875,1.0273705130718764,1.977613270191585,4.017565144830204
0.5,5.0,1.9218981532290986,1.007687821817316,2.604081587110239,4.404542953424721
0.5,5.5,1.9269785992548643,1.0435548267805008,2.7836662860632884,4.8699432723160445
0.5,6.0,1.9240620446383074,0.9966245790702997,3.730983172937346,5.305043447570535
0.5,6.5,1.9204401488341702,0.9784069514495191,4.825697151652698,5.782838311574898
0.5,7.0,1.9304416088960399,1.0443033997799052,4.359112589423951,6.188242623846833
0.5,7.5,1.9272972731361662,1.0360449057546417,5.290212301313969,6.642249024349649
0.5,8.0,1.9293364403269577,1.0342578980667236,5.982701093491206,7.139166483759731
0.75,0.5,1.637639183295981,0.9578974130040749,0.35372799791660614,0.24140868315327624
0.75,1.0,1.8617743706919032,1.0461070545733129,0.2957538607095518,0.5072019486917385
0.75,1.5,1.8850233096586884,1.0633896320633327,0.35022308509981315,0.7597437565067214
0.75,2.0,1.9131631136335718,1.0352888374552012,0.514332278433839,0.9773672199803025
0.75,2.5,1.9016749399516533,1.0553538819779982,0.6541449782417942,1.227512594917185
0.75,3.0,1.9149971714287244,0.9810394323875805,0.992064823220248,1.4991259633177123
0.75,3.5,1.9305767004517054,0.9913340755826708,1.242533906122053,1.7324704142290719
0.75,4.0,1.9163394474893152,0.9791728190249575,1.6010802527330243,2.0443494563630673
0.75,4.5,1.9317172891697374,1.034734543133226,1.6091188449922507,2.254808024181034
0.75,5.0,1.9125734652169084,1.0564877583340626,1.9479928385027903,2.4733070550641503
0.75,5.5,1.9254351633650322,0.9872560776528195,2.7397834887422103,2.773234561067627
0.75,6.0,1.9215822827556837,1.0447299286378307,2.521772964860482,2.9366209077076437
0.75,6.5,1.9036745383155889,1.0340554191104583,3.286105843486056,3.1859281062035225
0.75,7.0,1.917250176726838,1.026233335722063,3.569147770487678,3.4550224503356577
0.75,7.5,1.921396258170474,1.0175861278720584,4.322338568411634,3.6959429634585903
0.75,8.0,1.914985526834512,1.0133515606144885,5.029993088052887,3.968862400001574
1.0,0.5,1.5350796033558844,1.0338268149292515,0.4358914432530336,0.18434716206051982
1.0,1.0,1.7480541785160302,1.0692943856862076,0.451567937331965,0.2884413531179231
1.0,1.5,1.8440810112426715,1.0090570505971341,0.6322279999483565,0.484476176271818
1.0,2.0,1.8652326525585712,1.008824664671496,0.7132834991153556,0.6550402991247618
1.0,2.5,1.881939511056432,1.0160390220737259,0.8195833424258615,0.8050584111345022
1.0,3.0,1.9050172003155739,0.971080005379092,1.1100473459155358,0.9707942278812448
1.0,3.5,1.9238922240269956,1.0566933426440308,1.006945803767254,1.1258091784881652
1.0,4.0,1.917867400619445,1.0713320789921368,1.1452755566900268,1.3031873642050928
1.0,4.5,1.905727086418728,1.0277279929362373,1.5865379162889193,1.452791833029665
1.0,5.0,1.9213736600640736,1.0414272675060614,1.6920983656777744,1.6061422173965136
1.0,5.5,1.9071336517789028,1.0292662393442926,2.156565569428429,1.7970274501523977
1.0,6.0,1.9188246559083124,1.0163386733571558,2.4793863761562784,1.9322730986915324
1.0,6.5,1.9200261093182156,1.0710492958834652,2.360549894914354,2.080587330314108
1.0,7.0,1.9179199029014373,0.9797312115983572,3.6561098391784315,2.2624350643837823
1.0,7.5,1.919486150058193,0.9869783482073146,4.034853949816863,2.407125018488009
1.0,8.0,1.9209914730763447,1.0579923319880469,3.5446966308289873,2.5763350963533123
1.25,0.5,1.358547861502726,1.0003311765620253,0.763093827751471,0.09493468140474973
1.25,1.0,1.6480700149530867,1.049094146225474,0.6630709477656295,0.2457294600766881
1.25,1.5,1.7844934752363173,1.0401853176463611,0.7428957767944719,0.35475681684555105
1.25,2.0,1.8400470618329132,1.060404120945779,0.7576143542026036,0.4437555623463024
1.25,2.5,1.8604401681399474,0.994746706632734,1.1195562331213502,0.5971240830446882
1.25,3.0,1.8916048896033923,1.0357545247884758,1.002943759988176,0.6927621885763516
1.25,3.5,1.9021310293613123,1.017032824719456,1.277895648983119,0.8063218512102397
1.25,4.0,1.9031333250658031,0.9993226303399367,1.5395933290564272,0.911300389106966
1.25,4.5,1.8974093036371371,1.0136020211346712,1.8300000705271395,1.0609287297802115
1.25,5.0,1.8916395144277116,1.0281376893977727,1.9030513798414073,1.1560069547955918
1.25,5.5,1.9014398136518436,1.0018500888535946,2.2968363921619868,1.259704960662346
1.25,6.0,1.9192299112807836,1.043741687338697,2.235912401069698,1.3887807548834756
1.25,6.5,1.90491389770924,1.0658976264387294,2.295930126446751,1.4802663829872347
1.25,7.0,1.918131342454545,1.0271945922362746,2.8677441187865553,1.630390061899752
1.25,7.5,1.930624210404774,0.9806513456645102,3.741159168522621,1.750387939326957
1.25,8.0,1.9115110286252819,1.0008460731244784,4.254568766166812,1.8466450746208547
1.5,0.5,1.2686814165708582,1.0739694202570773,0.8556257697431584,0.0914058748206224
1.5,1.0,1.5426487320430624,1.0376021170401055,0.9560850387819302,0.1792898377865836
1.5,1.5,1.7144747214137128,1.0301760266247335,1.0904416855805235,0.28138018534239023
1.5,2.0,1.7980279059199458,1.0100375508274835,1.2349307816877189,0.3554168470781341
1.5,2.5,1.8263214388959021,0.9701884446806989,1.487711715542195,0.45350847642627407
1.5,3.0,1.8651236421465274,1.0302293563897942,1.327836559048061,0.5328901521577656
1.5,3.5,1.871034794235421,0.9958957575467496,1.6201645480124998,0.6102205409589
1.5,4.0,1.8659384300912574,1.053792320309928,1.4618098002583295,0.7146029941260302
1.5,4.5,1.878346907132369,0.991529582305697,2.10724512420258,0.8074793690420118
1.5,5.0,1.8847157897761515,1.0316443179814927,1.9635878512921385,0.8842674595674197
1.5,5.5,1.8976971931393858,0.9717592008297489,2.7528819200174617,0.9702284406304932
1.5,6.0,1.8944953801057343,1.0312495865348599,2.2933264155891493,1.031941987400813
1.5,6.5,1.9091136177992154,1.0379760607163224,2.628839646482517,1.1392284965954167
1.5,7.0,1.9094845506995977,0.9758782243106684,3.5805082107988957,1.24755021404596
1.5,7.5,1.9085440286390567,1.0119701166384616,3.2833893109198744,1.329234173856658
1.5,8.0,1.9078991991304464,0.994369132053845,4.108698352945337,1.4123024007122167
1.75,0.5,1.173416230671515,1.0269855555900498,1.3238846769908725,0.0706902713381855
1.75,1.0,1.445971043046469,1.0300985210906295,1.4157422354212783,0.13674074805345016
1.75,1.5,1.5902988730172145,1.0293812383207797,1.408293554597608,0.21022838968532517
1.75,2.0,1.7317690459361081,1.0328890298524775,1.4372741487850413,0.27635667734437885
1.75,2.5,1.7603716965635627,1.0716518278375393,1.3191503272830605,0.35185192040105445
1.75,3.0,1.793179444330532,1.0289609812668588,1.6899675314280136,0.42017982920349095
1.75,3.5,1.8446075846578585,1.0309532926649378,1.7248006180444007,0.4919474495251598
1.75,4.0,1.8607296613735673,1.0565181245278037,1.7412831981226813,0.5821474210774175
1.75,4.5,1.8368618785190087,1.0093590602933324,2.254993036380448,0.62113906863125
1.75,5.0,1.8774585383055404,1.041847522514212,2.1319780845544956,0.7034475195405293
1.75,5.5,1.8890551903808355,1.077080634985481,2.0883567139675057,0.780526355531136
1.75,6.0,1.8925721011275556,1.004876586443873,2.84980000478074,0.8333369634887892
1.75,6.5,1.8990625766468479,1.0286742864934733,2.8100384200040613,0.9139551067749406
1.75,7.0,1.9093354180133284,1.0571573810116885,2.8108694537930266,0.9950599064873444
1.75,7.5,1.923237822182289,1.0311405213458622,3.3163128584538875,1.076768071933014
1.75,8.0,1.8911550317352082,1.0120699882256632,3.8767578077227545,1.1244258775099838
2.0,0.5,1.1351271213550902,1.01566747365662,1.860591169494066,0.05097952512019724
2.0,1.0,1.3156236734023614,1.0139299402594577,1.902408913760634,0.11837520569286462
2.0,1.5,1.4819520259627217,0.9782995643507454,2.241277501780137,0.15816299241301807
2.0,2.0,1.6532697799756204,1.0143675257737497,1.925416768968917,0.22242284382507807
2.0,2.5,1.733708760524381,0.9840011279920508,2.2948005049530997,0.2879970938375159
2.0,3.0,1.7239463468042144,0.9950324964654939,2.3282171771506337,0.3518397830507406
2.0,3.5,1.7790590248001188,0.9726605715322406,2.5876082142475876,0.4094590691592571
2.0,4.0,1.8221009842802702,1.0307876140033034,2.2089170402869973,0.45962413919663253
2.0,4.5,1.8360028090133154,0.992651173290304,2.847847334625634,0.5153032888941186
2.0,5.0,1.8571123625297206,0.9917327559879073,2.8200942739022636,0.5770814271081256
2.0,5.5,1.8865045462506516,1.0606203948157853,2.4270962010789265,0.6226719228928592
2.0,6.0,1.888785151944518,0.9846213275384768,3.5871962520063856,0.6890728597797242
2.0,6.5,1.875882656691683,1.0134460583487712,3.311678300201896,0.7465958399986803
2.0,7.0,1.8915230637983116,1.0139379742558354,3.476497466649515,0.8073612907885747
2.0,7.5,1.894763852106059,1.0842040976099165,3.0893216191148043,0.8644540293717241
2.0,8.0,1.9019343618562214,1.0348486891796058,3.677574456010569,0.9038809471896049
2.25,0.5,1.119533926187231,1.0336465193473952,2.259250596162323,0.047693043498112014
2.25,1.0,1.2739955254018205,1.014457361062721,2.319198550022093,0.09848262090590676
2.25,1.5,1.4445621966313302,1.0455816095010035,2.244137479238616,0.14138118542905875
2.25,2.0,1.5793974429956907,1.0282881100328074,2.2255847001263223,0.18402097705902246
2.25,2.5,1.6708973510665124,1.0554769517341682,2.347231902467668,0.24228659922873919
2.25,3.0,1.7259292367668853,1.0520553616113042,2.2319799594204324,0.2852977590259924
2.25,3.5,1.7801799937160012,1.0402755036718754,2.519606815311649,0.3325012843209558
2.25,4.0,1.797856587569429,1.0466182977484577,2.518039800983345,0.38982821474206975
2.25,4.5,1.8249685869000745,1.068523775001882,2.3002615884554363,0.4356975372342006
2.25,5.0,1.846333580309732,1.053775284134522,2.624973542475721,0.48042961264630435
2.25,5.5,1.8548900572206406,1.0289908859607813,2.9056904543062863,0.5423162209750523
2.25,6.0,1.8597449182688766,1.0445310442389573,3.007491973060428,0.5839435993820435
2.25,6.5,1.8715527634159523,0.9573094011061772,4.318926492108859,0.6219795404461679
2.25,7.0,1.841545392213228,0.963135580542433,4.583347334569361,0.6699917680407897
2.25,7.5,1.8942532168002402,1.0141960635826082,4.016766031634346,0.7183637556186948
2.25,8.0,1.8817246578472966,0.9946631027833827,4.779659035178275,0.7990038090967369
2.5,0.5,1.1042510183079883,1.042043273032032,2.6335682391106014,0.03543483149995559
2.5,1.0,1.2634168415396767,1.0630736373034972,2.634983916510823,0.08290969908138189
2.5,1.5,1.3863626337452744,1.0528099089110263,2.5935301264724138,0.11137330119802827
2.5,2.0,1.5252220602388438,1.039509623476108,2.683077098135135,0.16690696415874637
2.5,2.5,1.6595079507531971,1.072485746800515,2.433332180636659,0.20812751211578795
2.5,3.0,1.6638980886212766,1.023853041928199,3.0918661732711423,0.24210717445703517
2.5,3.5,1.7274320436977977,1.0547372204282814,2.832461224383651,0.28928092870840055
2.5,4.0,1.7382985422829689,1.0567135507430312,2.93143063347598,0.32136724030999875
2.5,4.5,1.8112746633443235,1.0367427459082417,3.1333374223552073,0.381988433515065
2.5,5.0,1.8250408780744922,1.0512089147138977,3.237561802628746,0.4128971489604334
2.5,5.5,1.8270636798097737,1.0396442113112774,3.5235583356289735,0.45646760946159015
2.5,6.0,1.8475610833174594,1.040333792729596,3.5420922808855977,0.4976017440652116
2.5,6.5,1.8618958685739244,1.0605216178121806,3.392859119213707,0.5409673566167474
2.5,7.0,1.8711584382514932,1.0435214437475633,3.880526604640222,0.5873543521525136
2.5,7.5,1.8619239793664568,1.0022060544835385,4.640026194667729,0.6193675509455537
2.5,8.0,1.8911402997103395,1.0377686690515524,4.1607178696398925,0.6650737906102691
2.75,0.5,1.0601411138126922,1.016151922595969,3.368100846676932,0.028429180970452016
2.75,1.0,1.1297761321718252,0.9405024925764656,4.77632833480718,0.07285653860973333
2.75,1.5,1.329499813764574,1.0504162643757335,3.2923207872614384,0.10411141874568051
2.75,2.0,1.4395330654491898,1.031071988532322,3.4423094128190326,0.14722974789080326
2.75,2.5,1.5356516428127647,0.9559576189097733,4.366616119757477,0.1721064807492932
2.75,3.0,1.648075043179699,1.0724242750996815,2.9711427346959156,0.20790604104416255
2.75,3.5,1.6351218280073234,1.0088664466410504,3.860550611752157,0.2516850663996306
2.75,4.0,1.714011481118802,0.9848113631122661,4.2288090993285365,0.2825969214913063
2.75,4.5,1.7952504411698798,1.0031195722922668,3.960543349639635,0.34423123898557423
2.75,5.0,1.8007236432379037,1.0307695945242257,3.915870960622572,0.35442955504202794
2.75,5.5,1.8007444309463534,1.038462385893807,3.8267421423398713,0.3875887313448974
2.75,6.0,1.8321270409653496,1.040634203159907,3.9871899700224858,0.4223596771526667
2.75,6.5,1.8675972267983243,1.0979657119078106,3.4763366529328827,0.4542298008592917
2.75,7.0,1.8344246469302017,1.0407297590620979,4.345536999214223,0.5069504884085044
2.75,7.5,1.8562054039509843,1.0130141768562588,4.8064903224597275,0.5369979438573332
2.75,8.0,1.8807787542053465,1.0397791450290799,4.527001834291422,0.5670580051290073
3.0,0.5,1.0478630486374427,1.0088136719004341,4.325030633355622,0.03248288895122262
3.0,1.0,1.2048888917771496,1.0315521154871448,3.707767355275474,0.06410957411897263
3.0,1.5,1.2901807234261549,1.02723779349361,3.8592955687327954,0.0892702475946948
3.0,2.0,1.4114793626650588,1.0675833390149603,3.477699712178809,0.1282075472409521
3.0,2.5,1.4977537095820996,1.0526196377547428,3.8949807254923416,0.1561030298881492
3.0,3.0,1.5345078009732862,0.937909638353743,5.7260165968440955,0.19011947881206626
3.0,3.5,1.6100947437922404,1.0070899510128195,4.779139187141678,0.21362681052068414
3.0,4.0,1.7018588536298709,1.0263998076152838,4.284018447631407,0.2520262488032962
3.0,4.5,1.7407195178806614,1.042814974302977,4.100032075967953,0.28841385744307463
3.0,5.0,1.7390906050099981,1.0353710819152275,4.334905490160441,0.3243693802816137
3.0,5.5,1.7423577537431705,1.0034273458030292,5.152671126158527,0.3479342835275619
3.0,6.0,1.8303491297908883,1.0843020689748006,3.565029197593331,0.3929278310491584
3.0,6.5,1.8134089032564482,1.0380140878359139,4.696771445966654,0.41506357395736604
3.0,7.0,1.8434808575204469,1.0154667384679388,5.22650625827296,0.4330701759208784
3.0,7.5,1.8251688161526705,1.0284149250826002,5.142869415116466,0.4705994503520033
3.0,8.0,1.8567340379600563,1.0412794311100415,5.3217244167878395,0.5156680467037167
3.25,0.5,1.0498150766921417,1.0184177305284268,4.826599493806739,0.02319687536017736
3.25,1.0,1.1157929115535552,0.9830514936506951,5.438121697980234,0.057556837848377174
3.25,1.5,1.232646740033134,0.9843677356101539,5.502399717946882,0.08846139234391076
3.25,2.0,1.3106277261187387,0.9847067124642688,5.480661987613155,0.10237866880792813
3.25,2.5,1.4424465352689586,1.0229513390771428,4.987431105758608,0.14172086755525276
3.25,3.0,1.5074511256523278,1.0645194251268257,4.155444176440812,0.1656986606506055
3.25,3.5,1.5852377223728598,1.040862326521307,4.552562708339298,0.19029038665642878
3.25,4.0,1.6144097895454563,0.9932707509101151,5.625421534432951,0.23056304980994982
3.25,4.5,1.6926710336251216,1.0222592445922118,5.202718518407807,0.2595508457547086
3.25,5.0,1.7009730419239555,0.9943020435786104,6.064763590768485,0.2811457416364513
3.25,5.5,1.7327412166499356,1.0716932067852716,4.353061475550583,0.3137079410093971
3.25,6.0,1.7695319072618627,1.0176581869891306,5.725160014785222,0.34150967697701745
3.25,6.5,1.7979432965736386,1.0457094428348157,5.167604709570824,0.3680399336945296
3.25,7.0,1.796564960796169,0.9945084810233591,6.451032757507168,0.39674335814213557
3.25,7.5,1.8037089056005067,1.0012326066265558,6.255191169799797,0.4278840100674831
3.25,8.0,1.81605195957225,1.031777621346928,5.827335538203188,0.46356406756127
3.5,0.5,1.0563974034235726,1.0214857501719892,5.1793032778759525,0.0232587298220751
3.5,1.0,1.1510514115310722,1.0702644773018417,4.663463947036933,0.039909696240318523
3.5,1.5,1.2532713197475887,1.0641896888427744,5.0571581771224885,0.08341717332247996
3.5,2.0,1.3216081811772737,1.0338660950056113,5.636711080819654,0.11039453065381588
3.5,2.5,1.422266405789893,1.0246620260345454,5.576508608590173,0.13252325163158277
3.5,3.0,1.4801513320581603,1.0151173923159045,5.780391474356997,0.16603934823524205
3.5,3.5,1.5142274521927341,1.0127713545533255,6.242448226439061,0.17521523951219004
3.5,4.0,1.577426142341659,0.956596209688802,6.990242082869719,0.2031069937716421
3.5,4.5,1.6220166719820766,1.1051650466049456,4.758921916602712,0.23030815930624898
3.5,5.0,1.7048133121437632,1.0682323729802385,5.103834979360186,0.2584985457933244
3.5,5.5,1.6954706672794606,0.9718692763537995,7.3012681822749,0.27380878735100206
3.5,6.0,1.747941330151289,1.0304279072031803,6.038296123751737,0.30757883127248437
3.5,6.5,1.745715836113662,1.0130122728785684,6.582277571667676,0.3325254652349929
3.5,7.0,1.770295306000412,1.001031211964281,7.408800140480054,0.34432027805142973
3.5,7.5,1.796211738777555,1.0195326743918982,6.616424500479185,0.3800158088365325
3.5,8.0,1.804482275626603,1.0089935983186413,7.205122652516583,0.41358058479979604
3.75,0.5,1.0816454839552214,1.0727329071263203,5.228576573692435,0.02027736376760111
3.75,1.0,1.1119460778132064,1.0030494352549106,6.596331766255484,0.06087966814892722
3.75,1.5,1.1479690235425186,0.9453352006040096,8.567611132553782,0.0719011042984429
3.75,2.0,1.2774235282136763,1.0461477194822846,5.906929654237592,0.08292740922008623
3.75,2.5,1.339803280628866,1.0131844813890176,6.6214179803621525,0.10771165042563197
3.75,3.0,1.4715723148641178,1.0821506555981975,5.234100937115667,0.13512431089914265
3.75,3.5,1.5168927439749202,1.050114078933287,5.8292951416571634,0.1584285150766598
3.75,4.0,1.546585977361261,0.9808244144980985,7.395116457932334,0.1738880422355771
3.75,4.5,1.612634906595289,1.0048634312811096,7.098398498187605,0.20786385446791433
3.75,5.0,1.6396362924841046,1.022873789845041,6.633313900677197,0.23239687858829045
3.75,5.5,1.657303564296524,1.049229590687965,6.324152272253059,0.24100730328322492
3.75,6.0,1.7100964754398464,1.0122005521484458,7.479224047345281,0.28037435199928173
3.75,6.5,1.7550886479828913,1.0232166599984391,6.939834663426925,0.2936887575945042
3.75,7.0,1.7506508200240878,1.0170570635440297,7.543743719157306,0.32291885849439195
3.75,7.5,1.7909971840925105,1.0329697295971834,6.860883061275509,0.3506760301785842
3.75,8.0,1.8166245286854317,1.048510822998556,6.946982384724593,0.3663666446969209
4.0,0.5,1.0534952005791025,1.0357961720324527,7.0421024368428755,0.01849007965486894
4.0,1.0,1.1701544520819867,1.0791337215058039,5.8486053471335095,0.048684728530884694
4.0,1.5,1.1184649900640349,0.979345321527098,8.342629632666483,0.060623708425186516
4.0,2.0,1.292497182703206,1.0611882119571967,6.2572261674278975,0.08682479047456884
4.0,2.5,1.2930016968570481,1.00739116831176,7.208794898202386,0.10094848557295524
4.0,3.0,1.3965174492579104,1.0302414946522866,7.347678512919097,0.11822372033410491
4.0,3.5,1.4666647235063766,1.0555776567864974,6.829126688326962,0.15506280403190384
4.0,4.0,1.5553588341117561,1.0726809767765455,6.126965936900385,0.17197354135373455
4.0,4.5,1.579136485221517,1.0095922397611634,7.531449056039841,0.19761716525849324
4.0,5.0,1.6326053959414935,1.0208061015631698,7.464040551884307,0.22460715143793122
4.0,5.5,1.6326888666219674,1.0070211751453653,7.882611533362131,0.23128513341056775
4.0,6.0,1.7109629653941045,1.0316711943850239,7.286610460905616,0.2451953994250177
4.0,6.5,1.7636186094399429,1.0974694748040705,6.055599220278689,0.2788259790601105
4.0,7.0,1.719551489951928,1.020193956258481,8.149116543591575,0.29430680065986287
4.0,7.5,1.7545781643903091,0.9926492400142845,8.773507912474741,0.30960869266759306
4.0,8.0,1.7557635829915557,1.041511843208323,7.654322777104644,0.34229126691549366
