# G = 1.0
# D = 0.01
lp_w,U_v,alpha,beta,D_eff,mean_vx
0.25,0.125,1.0714621467016119,0.9912294801560143,0.03942087665683777,0.08382116796871032
0.25,0.25,1.2640265061052491,1.009651380979354,0.0389114747612068,0.19037290805617893
0.25,0.375,1.4158997504263808,0.976009288931955,0.04450442468203352,0.16679368767941738
0.25,0.5,1.541876537739719,0.9927395372344276,0.04193158977225575,0.1431929488278252
0.25,0.625,1.6311533629197854,1.0324720454124685,0.039992219494042136,0.41704114414937526
0.25,0.75,1.7092645549814913,1.02059611944147,0.043201560145572464,0.38130637300929204
0.25,0.875,1.7514103374210048,1.001363692349738,0.04754441903350735,0.4597948058865732
0.25,1.0,1.7785120122625686,1.0555587420313484,0.04032189285620115,0.46521293760251364
0.25,1.125,1.8167425580106513,1.0632526181581852,0.042160236393558224,0.5474595785488484
0.25,1.25,1.808467589788116,0.9835997580139026,0.05902569810053606,0.4666978394362769
0.25,1.375,1.8637968118626216,1.0407989915425973,0.047964077528844976,0.7323537580763773
0.25,1.5,1.8609361768130122,0.998435512506602,0.060626832262928684,0.6136653461627903
0.25,1.625,1.8885120874257428,1.065629850719128,0.04820399585806797,0.7629216042398055
0.25,1.75,1.8813760926164613,1.0100599161999582,0.061662285771395105,0.8201532554714371
0.25,1.875,1.8955338589555701,1.0439119189753086,0.060714531555604426,0.9244613653854037
0.25,2.0,1.88430757989775,1.0178200903371546,0.07191624273437389,1.0253242556402609
0.25,2.125,1.9218562170324267,1.0753757509564368,0.05906058580976804,1.1493341573997335
0.25,2.25,1.895848897002309,0.9823061352959225,0.08794738737101611,1.1354987566876278
0.25,2.375,1.9152267468406947,1.034352758786368,0.07416547630028944,1.269797147455982
0.25,2.5,1.914426805908158,1.0534598067325283,0.07707897072213396,1.3205021357248925
0.25,2.625,1.9238316527591648,1.0691461357122294,0.0734009212929673,1.4385150557325834
0.25,2.75,1.9264727436824371,1.0024232469207939,0.09318134603985523,1.461387148649675
0.25,2.875,1.9290231662402433,1.0497294124052998,0.0843179936587524,1.5978880978956618
0.25,3.0,1.9327497145372965,1.0117702432357496,0.10456016588105212,1.7147765425429566
0.25,3.125,1.9267666543333892,0.9963973828903754,0.11490257036773843,1.7896116442538905
0.25,3.25,1.931935024570845,1.042326979734703,0.10110651234992513,1.8054828836279653
0.25,3.375,1.9355892639338415,1.0387777965201976,0.10985088635723515,1.867051596111911
0.25,3.5,1.9436021859483859,1.0163509906178294,0.12679690272983524,2.006080997910315
0.25,3.625,1.9439000049886133,1.0363941212807546,0.11835215146531866,2.0528305972657566
0.25,3.75,1.9354879190750491,1.0797730562242027,0.09951543497557587,2.1505651285484984
0.25,3.875,1.9558383753411752,1.0264924035966136,0.1387576344150937,2.2129015135261927
0.25,4.0,1.9454319441188679,1.069629273910718,0.12278030180030099,2.411715537025891
0.5,0.125,1.0836170665083102,1.0861070640361963,0.09297184563862847,0.04028480712286554
0.5,0.25,1.0691270890835989,1.058190881358557,0.10489392678717621,-0.012153339419682475
0.5,0.375,1.1019977536685468,1.064428067609427,0.10262856572971904,0.035669646825728284
0.5,0.5,1.0638318310517627,0.9716877385797958,0.14024785716274119,0.034971370160363884
0.5,0.625,1.193558574770141,1.0533988237803154,0.10907051645825508,0.07399205960406814
0.5,0.75,1.352172061509207,1.0573668654412742,0.10644309428318036,0.18572319302601176
0.5,0.875,1.4629721476195063,1.0587524466388651,0.10529657619206745,0.16932208741167704
0.5,1.0,1.5787460540760512,1.0191516797571571,0.12874065222473086,0.2057795980439464
0.5,1.125,1.6657679778670609,0.9763435895542131,0.14265413445048913,0.2962560838068864
0.5,1.25,1.7552571204794585,1.0671770669718181,0.11283527414682647,0.360397243254893
0.5,1.375,1.798693595691339,1.0536272022314723,0.12135670368638107,0.4322547794548833
0.5,1.5,1.8361115989824879,1.0342503391236384,0.133156829812256,0.5256536633957642
0.5,1.625,1.8698017230283737,1.0163260056559622,0.1434374459266371,0.5670407154249683
0.5,1.75,1.8809116093694072,0.9825906040100955,0.16933407698091135,0.6818937715162265
0.5,1.875,1.9123390715131936,1.0736093804466404,0.1319297080247661,0.7398540405236317
0.5,2.0,1.9072289015255073,0.9721762922661014,0.19807152688946147,0.8245417121978228
0.5,2.125,1.920774797088025,1.0186516946524562,0.18440413790087673,0.9297518263177011
0.5,2.25,1.9278674830796545,1.0023417679831164,0.1899846013619396,0.9918723182943181
0.5,2.375,1.941800032246393,0.9948078442647156,0.1948846118173578,1.0935251479968393
0.5,2.5,1.9471780544631332,1.0532318969031105,0.1759460974717551,1.1880531176966305
0.5,2.625,1.955134863540361,0.9757614694909074,0.24617797883990353,1.2540277826144681
0.5,2.75,1.9675915259922645,1.0634369530703462,0.17285345302849853,1.3717124282099533
0.5,2.875,1.959657567335591,1.0305416816578123,0.22754071388347769,1.3797539083718846
0.5,3.0,1.9517184322269738,1.0154309880344208,0.229001478100473,1.50895698371976
0.5,3.125,1.9608912038610662,1.043023281431402,0.22987361738165035,1.6484094144017623
0.5,3.25,1.9657708962427238,0.9942997103405766,0.2671852407878296,1.72929583986878
0.5,3.375,1.9568664678588703,1.0556786913170533,0.22498377519501658,1.835721078892862
0.5,3.5,1.9642561962882192,1.046899190419684,0.2692974871762844,1.8703578912145415
0.5,3.625,1.9621691452917716,0.9880032979779831,0.3335234465445643,2.0063771541467363
0.5,3.75,1.964941902632933,1.0825695273870677,0.2599261052033552,2.0349251322541626
0.5,3.875,1.964456075044318,1.0339565270503657,0.29953267621213453,2.1518510180960244
0.5,4.0,1.9668054533796866,1.045516436421656,0.3297661894955941,2.190606933232659
0.75,0.125,1.1016414239144683,1.0356821103917366,0.23766244969354788,-0.03886241061992706
0.75,0.25,1.2558579174481377,1.0202475194782816,0.24012361253423767,-0.09838319735912972
0.75,0.375,1.3791041770024965,1.0484072861896294,0.20272527349469005,-0.1285699950496877
0.75,0.5,1.3385891970725268,1.0035014771573911,0.22716255231239185,-0.1240167611156272
0.75,0.625,1.2292209616443348,0.9464200323238752,0.2560881598200432,-0.07278361374798255
0.75,0.75,1.089154103903215,1.0058234037897613,0.20769289487152276,-0.057873370235100974
0.75,0.875,1.0242663650424733,1.0212372791291295,0.1978805433096435,0.03512868457591045
0.75,1.0,1.1823014833764576,1.0022391780051683,0.2118638185900021,0.009153125213957471
0.75,1.125,1.5130744757144654,1.068271034744024,0.16694699566460236,0.11976432990830044
0.75,1.25,1.623431666446285,1.0016386994629793,0.21719911823924837,0.21652536692805133
0.75,1.375,1.7143336674639018,0.9504073852349518,0.26988932249081543,0.29328335525816945
0.75,1.5,1.8238819263052195,0.9757666762828692,0.27837772852093023,0.40823151437709065
0.75,1.625,1.864236291226185,0.9951775197463565,0.27669806435938044,0.43539000120301724
0.75,1.75,1.8927280405297406,0.9616859621310063,0.30657864516030403,0.5564991716030444
0.75,1.875,1.9102442931409793,1.0135363709291,0.2772260976780214,0.6354354990942951
0.75,2.0,1.9147117788779842,1.0108168048265052,0.29784912356209814,0.7694944133145231
0.75,2.125,1.910989122046408,0.9957345825015972,0.31735668196461564,0.822751619998264
0.75,2.25,1.9384620822524428,1.0269457799172086,0.2824062811423346,0.8914172229038632
0.75,2.375,1.9487821632995508,1.0105283442810409,0.3191599466894066,1.0004651931694237
0.75,2.5,1.9536862533045927,0.9825324296645211,0.38316596384841073,1.06049382457337
0.75,2.625,1.9713639898610482,1.029359374387171,0.33294010790013007,1.1874407051685179
0.75,2.75,1.9559933189132566,0.9933754083428913,0.3971822139778452,1.2461325725902241
0.75,2.875,1.9711673058885804,1.0020855551962748,0.40063235688916804,1.373786967025162
0.75,3.0,1.9838405535787906,0.9908737488792153,0.40401362430248283,1.4430740927350934
0.75,3.125,1.965994867243725,1.0006722305016507,0.41567577568058006,1.5489355046946365
0.75,3.25,1.97429801276743,0.9883179183486285,0.45924968773278,1.650011916970259
0.75,3.375,1.9686018099629707,0.9756307983040176,0.5032781315156499,1.7077319850245736
0.75,3.5,1.9734181518417764,1.037856624044393,0.42300163778092975,1.8304116057159432
0.75,3.625,1.97586958776782,1.0102485258969627,0.5083237714795841,1.9128763920323617
0.75,3.75,1.9794160665515428,1.0018715807603709,0.5037564604569373,1.990841855566403
0.75,3.875,1.9800821883804882,1.008428172452663,0.5354663311027769,2.1099910743153543
0.75,4.0,1.9750477063771672,1.0734104867209235,0.4484510264729218,2.1867948232239427
1.0,0.125,1.3089898291152076,1.0080070727902553,0.4619363392119918,-0.09680642438951709
1.0,0.25,1.6256974629483443,1.0295842132595412,0.3577023523758945,-0.1833502372500299
1.0,0.375,1.7880004318468739,1.0050541262227781,0.32673051435811684,-0.19933339481545576
1.0,0.5,1.7883283049396923,1.0344982515094174,0.28169837208556964,-0.2171578943965182
1.0,0.625,1.791436565563199,1.0285802962278079,0.2527108058687892,-0.19588752922416175
1.0,0.75,1.6186461598129818,0.9747327720845702,0.3185298019608437,-0.14133382798740202
1.0,0.875,1.4301453787635754,0.9801963134338517,0.3103294756959587,-0.11028805187984021
1.0,1.0,1.1020695330493504,1.0130228535366732,0.2710915188584964,-0.051452090626842334
1.0,1.125,1.0821995803183604,1.032294072268251,0.25818045553699326,0.02475733081757619
1.0,1.25,1.3844198324853658,0.9522009899789332,0.37183365667156765,0.11773035482110487
1.0,1.375,1.6354663183748435,0.9897913180531573,0.31765728154572775,0.2040970971386464
1.0,1.5,1.7751937300794358,1.041754826851678,0.2881292864726231,0.28612911212676784
1.0,1.625,1.819532936815201,1.0353143256388535,0.32323745253931496,0.3551191854609305
1.0,1.75,1.853553265788059,0.9532738464693229,0.46061459990610887,0.4532315910641911
1.0,1.875,1.9113121288092838,0.9817180538401874,0.4059147945639664,0.5873176695641626
1.0,2.0,1.9400104448994022,1.0675744321461182,0.325126240477194,0.6459188538701385
1.0,2.125,1.9410925374245351,1.008887430457522,0.40723643827838035,0.7541577630053838
1.0,2.25,1.9382508732764647,1.0412207500464432,0.37723941532073724,0.8514237086049374
1.0,2.375,1.961569935801346,0.9925674059867056,0.480349962551611,0.9131055084036284
1.0,2.5,1.9612043594804254,0.9943953030464965,0.5013843579588059,1.029477769637626
1.0,2.625,1.970966542405274,0.9881936137604763,0.5296924994840986,1.1206653818014052
1.0,2.75,1.9726007995125026,1.019249136174268,0.514859702851694,1.2031393828125843
1.0,2.875,1.9739580845068063,1.0088989749014088,0.5205624062439628,1.3269764356084812
1.0,3.0,1.9724192568215688,1.0465642394136898,0.47300950293645605,1.4208503132090264
1.0,3.125,1.9712446510196981,0.953004066523862,0.7078101942448294,1.5047656158562546
1.0,3.25,1.977843914573835,1.0265860440835521,0.5480626352533289,1.5929967328971213
1.0,3.375,1.9794967700920019,1.0671661378110273,0.5331580365425956,1.6799120901264502
1.0,3.5,1.983220019347314,1.0196948367720435,0.6412347347144712,1.7515163776512765
1.0,3.625,1.9848424389567996,1.0305319189622493,0.6459964344078774,1.874776481705593
1.0,3.75,1.9730735960375203,1.0038279474720317,0.7689408758030679,1.9777514001677925
1.0,3.875,1.9874072089588957,1.029119602967956,0.6773532861678141,2.0461051495729516
1.0,4.0,1.9812416118772205,1.030790869398208,0.7133982661457029,2.154631243922825
1.25,0.125,1.5192596211305753,1.024891558719093,0.6391986995284006,-0.1453539505168587
1.25,0.25,1.8063785540776196,1.0051848369357457,0.5707934666126165,-0.24735311382013409
1.25,0.375,1.9032212080648654,1.0019341666508974,0.4127256118510981,-0.2938044787414046
1.25,0.5,1.9316681877017574,0.9984490475340818,0.3495164343331906,-0.32572229499281696
1.25,0.625,1.9016502252420193,0.8817184576917257,0.5578136518965371,-0.2992315355846585
1.25,0.75,1.8998355565300213,0.9338080923948208,0.40624181485962846,-0.2539752810388063
1.25,0.875,1.798146021823186,1.0331807623175269,0.2679722478357909,-0.16517562656072043
1.25,1.0,1.5397632662888496,0.9846479678174556,0.36384706469159817,-0.10943688337113192
1.25,1.125,1.1310165908338652,1.0093863853460943,0.3601423700317527,-0.0490914305739404
1.25,1.25,1.1305871456426462,1.0357456717408298,0.3426691125522606,0.03630297125227793
1.25,1.375,1.458493014110951,0.9493545696365823,0.5008640339917175,0.13978782230533193
1.25,1.5,1.7225448682796023,0.9476636970263731,0.5198023036049785,0.20779181181517759
1.25,1.625,1.8249869834110606,1.0192414215880679,0.42551140003519183,0.30715797997983185
1.25,1.75,1.8814069899028303,1.0039846974534767,0.49273751637552826,0.39558419844861137
1.25,1.875,1.9151481788756048,1.028418778745274,0.4601837711318373,0.46372726410079385
1.25,2.0,1.9318287977220348,1.026152108632917,0.5084337241280341,0.569206998213664
1.25,2.125,1.9257279984856794,1.0267449675050135,0.5225159949598123,0.6745615205222273
1.25,2.25,1.952993680974654,1.0243439181938088,0.5427565982975099,0.7786968388391038
1.25,2.375,1.9613605328690686,1.0430708920306246,0.5477326548552008,0.8806840616959081
1.25,2.5,1.9561373644228186,1.0219294959110454,0.611430776745026,0.9687682677608158
1.25,2.625,1.9810639668230192,1.0271376818843616,0.607184048365909,1.0560807126827876
1.25,2.75,1.9724808525984232,1.0228023278076317,0.6381817918065602,1.149866488578887
1.25,2.875,1.9674068789209578,0.9621431211128875,0.8252367548905704,1.252833885488653
1.25,3.0,1.979354915546167,1.0016598505684466,0.7619542265989602,1.361727676209356
1.25,3.125,1.982007850322607,1.0004628233252681,0.8041712436245768,1.4755005424112284
1.25,3.25,1.9787416565481326,1.0298779082376743,0.7259407221444518,1.5248006099318534
1.25,3.375,1.9809458670313886,1.015623446381684,0.8282456913479043,1.6463962264327585
1.25,3.5,1.97466980301583,1.0248231247394521,0.8037167607101212,1.7214255169206871
1.25,3.625,1.9791919371823203,1.0156654282197295,0.8720496480579559,1.847350594615382
1.25,3.75,1.98596812380295,0.9858348858511361,1.0214200337381272,1.9307918501927746
1.25,3.875,1.9857601245009628,1.0080653995767086,1.0616568297084552,2.02557422700775
1.25,4.0,1.990724129424284,0.98100344996735,1.1722844916448867,2.1130880613248273
1.5,0.125,1.642489208845241,0.981967120052959,1.0362552511043535,-0.18635763379702583
1.5,0.25,1.9234162623183502,0.9556775393740709,0.769894133229607,-0.3356428962513209
1.5,0.375,1.9688183311688614,0.9676824300063804,0.5330265546695468,-0.3825047900630112
1.5,0.5,2.017591782591387,0.9902020926373897,0.37973315041171296,-0.39500121669862726
1.5,0.625,2.0049367675128753,0.9971473836047505,0.3402914125574716,-0.3628236146005343
1.5,0.75,1.9752355391996312,0.9495359827382739,0.420960830492301,-0.3097864159503929
1.5,0.875,1.9166346557133915,1.0269965386501438,0.34968285799579546,-0.2436558020046631
1.5,1.0,1.8162442790976618,0.9917005326035503,0.3840581430918505,-0.18297679060603042
1.5,1.125,1.5174462367110997,0.9630558045016525,0.4878295014331458,-0.08763564970588412
1.5,1.25,1.0246761022305109,0.9899287483428755,0.4965390267834618,-0.046342136818928244
1.5,1.375,1.2186160142594917,0.977285677420721,0.5691972259524015,0.07238463583594047
1.5,1.5,1.5535587362369305,0.9703556555970322,0.6392362238176232,0.15862373435276456
1.5,1.625,1.7590978777809123,1.0215205088262718,0.5163952712697886,0.257749191671016
1.5,1.75,1.8433726098651275,1.063601502985109,0.4704522106894443,0.3328364106766725
1.5,1.875,1.8920390438666694,0.9388311384600632,0.7798349482853091,0.42683249653408795
1.5,2.0,1.9154419052336051,1.0716202249162707,0.5541969598784947,0.5341051415102314
1.5,2.125,1.9426690986049129,0.985246948112759,0.7340973570348047,0.6291524001351071
1.5,2.25,1.9562109613158967,0.9560858423632778,0.8594796653661951,0.7171839548377831
1.5,2.375,1.9591135553092671,1.0018254744535946,0.8673592702505006,0.8168989379436219
1.5,2.5,1.95939706624179,0.9700950626557876,0.9183048001883265,0.9230421320017044
1.5,2.625,1.9703002868175248,1.071375053945051,0.6558686404607684,1.011594399311373
1.5,2.75,1.9755507403628487,1.0489640016459172,0.726930566867127,1.1308441433042773
1.5,2.875,1.9839303061783609,0.9836172332575012,0.9842166947024341,1.2222325555239444
1.5,3.0,1.978110775223452,1.007942108379627,0.945287940955,1.3115363226147057
1.5,3.125,1.9786380902215517,0.9816353085654828,1.0579572370977084,1.41764361838678
1.5,3.25,1.9814941516946696,0.966836086768992,1.1938028268615062,1.5285711679861371
1.5,3.375,1.9811235965795329,0.9400638558535058,1.3432211297222105,1.629154410611961
1.5,3.5,1.9848483197106384,0.9561548580948258,1.3211542431197796,1.6788056777167395
1.5,3.625,1.9828259017530268,1.0136953139429463,1.1267667466938927,1.787449858661998
1.5,3.75,1.985542226173743,0.9937345931982262,1.2910916782258217,1.9145832178585556
1.5,3.875,1.9854496985236811,1.046753502460418,1.0380315220332714,1.9788319196934132
1.5,4.0,1.9826841095077525,1.011137524786919,1.259139843504769,2.08182125164948
1.75,0.125,1.778648456200687,1.0440149770551252,1.0587623677567104,-0.234746005272854
1.75,0.25,1.9633856802171692,0.9971511234109388,0.7707482485372431,-0.3926623312754177
1.75,0.375,2.00471630198192,0.9827366747905584,0.4998896948125262,-0.4465753133524695
1.75,0.5,2.027249799741919,0.952978870114855,0.44644618021772137,-0.45434651972720047
1.75,0.625,2.0102781245935697,0.9969734696732256,0.36544579518922904,-0.4119998584799189
1.75,0.75,2.0184433534138466,0.9923630346195333,0.3667585985700218,-0.36159957536397463
1.75,0.875,2.0019650108138682,0.959517221014543,0.4166435372313542,-0.3056267359294451
1.75,1.0,1.9131824890166553,0.9627131675834888,0.49653011858359714,-0.2333031663395879
1.75,1.125,1.7589376107976666,0.9449845032696338,0.5600480946199258,-0.16503615794141904
1.75,1.25,1.433769110266829,1.0332338668461054,0.4285898555574678,-0.07767185626650297
1.75,1.375,1.0017268017517527,0.9958361247629909,0.5253176201374973,0.02260756117207502
1.75,1.5,1.4683728531029225,0.969157277967169,0.6421476075042074,0.10080788814201447
1.75,1.625,1.7126149503714905,0.9814634676200511,0.7041047300831644,0.18957242987053688
1.75,1.75,1.8230105875329967,1.0378005425046604,0.6319991229967674,0.2898060171815809
1.75,1.875,1.9046163397532223,1.0269622225762078,0.6732302984505805,0.37968152896911306
1.75,2.0,1.9140582775370532,1.008533179556187,0.7665155915322731,0.48624043869053246
1.75,2.125,1.9297352948275155,0.929782306683733,1.1142215636869028,0.5577178269479142
1.75,2.25,1.9530018474028696,0.9888920330112426,0.9553513788013379,0.6567002147284747
1.75,2.375,1.955617725116043,1.0543646463745733,0.8066580106185856,0.7569538471042977
1.75,2.5,1.9696238598992988,0.9947962720131975,1.0120102871549745,0.8618975509867769
1.75,2.625,1.982124422155603,0.9643883859385782,1.1949973936725775,0.9878297391275053
1.75,2.75,1.9836864860550014,0.9934997000603071,1.12208677997896,1.0869410281343976
1.75,2.875,1.9725174396574543,1.0385481031246249,0.953854910626248,1.165236818206889
1.75,3.0,1.978946108288837,0.9688728571644291,1.2838745274642849,1.2790463757597104
1.75,3.125,1.993033256463561,0.9622245968632221,1.3391073436357679,1.3853383802691435
1.75,3.25,1.9846488299917295,1.0418436145888812,1.0539632492194813,1.4504593820688445
1.75,3.375,1.9776606206967338,1.0030338587412184,1.3822526639859078,1.5822116026114996
1.75,3.5,1.9924648337849682,0.9897607701984318,1.4267019096622477,1.6902612810114532
1.75,3.625,1.9860629191321781,0.9480818244805308,1.656322045398568,1.7707600211482355
1.75,3.75,1.9869336993731994,1.0143020184027445,1.4776488433857946,1.8626355262777228
1.75,3.875,1.9870625376157192,0.9760919216883782,1.5752888777698948,1.9869344410411993
1.75,4.0,1.98733711818436,0.9660607260662214,1.7674476008079116,2.078929272796273
2.0,0.125,1.8684070794671395,1.034631006556782,1.2761823981503189,-0.2872873781156096
2.0,0.25,2.011698964735264,0.9588441726590027,0.9009393779289905,-0.44155821265119166
2.0,0.375,2.020271979291386,0.9603789126234047,0.522004877547983,-0.48627401958995997
2.0,0.5,2.0203883834553347,1.0145264897137294,0.34907490339238034,-0.505048995853888
2.0,0.625,2.03244459574528,0.929576780280758,0.48276562032125303,-0.4640801520684386
2.0,0.75,2.0244782043697476,0.9739151431596574,0.3871108264533123,-0.4041078300789049
2.0,0.875,2.003499869859348,0.9781004407876843,0.45762059719051973,-0.3386555695454581
2.0,1.0,1.96963729991144,0.9362372138643346,0.5770928231402784,-0.2614789413964717
2.0,1.125,1.9246840605455189,1.0003630981017884,0.4691972532478468,-0.20397359033431614
2.0,1.25,1.6931871134111705,0.9597204859914549,0.6383350791421974,-0.11532175635360845
2.0,1.375,1.139673499897,0.9537664416411132,0.6618023731419678,-0.033237951713045215
2.0,1.5,1.2354363232745391,1.006796293914103,0.6392002266839697,0.053756914304973105
2.0,1.625,1.6208956750055246,1.0019497003624607,0.763362726070876,0.1405731756559755
2.0,1.75,1.801464773934255,1.0048827727066925,0.7426337228304285,0.23441722575342291
2.0,1.875,1.8706114407806895,0.9959062239797333,0.8475571847400551,0.3203106876800137
2.0,2.0,1.9124494105876237,1.0494143131729654,0.8080998014945694,0.4263007170020985
2.0,2.125,1.936399625257393,1.0090176365366175,0.9482854993408957,0.527423730141371
2.0,2.25,1.9399635379680034,1.0533929365927344,0.8499919273967138,0.6424567883537143
2.0,2.375,1.9553391857261597,0.9741218251534124,1.2447787803310888,0.7388005295810661
2.0,2.5,1.9559303134243065,0.9664448826505965,1.3474660099720859,0.8311979725826518
2.0,2.625,1.979667130614066,0.9957002460160937,1.2900156140041612,0.936585582115404
2.0,2.75,1.9745462352583203,1.0565564425495393,1.0950659687817523,1.0484633996758557
2.0,2.875,1.9771357562968284,1.0243765852217415,1.2314076975028312,1.1407870540823768
2.0,3.0,1.979633511677567,1.0480346404541858,1.1877398212214838,1.245988158938605
2.0,3.125,1.9904043191032048,1.0428359881345508,1.3173012751657367,1.339785920093142
2.0,3.25,1.9824353856915677,1.0569737610294831,1.2482341127311711,1.4571689221635409
2.0,3.375,1.9915390039288121,0.9888581048527987,1.6262177123053962,1.5486829379472784
2.0,3.5,1.9944170194564041,1.0381497330290588,1.4823058028203662,1.6453047129596672
2.0,3.625,1.986236488812092,1.0540730902295594,1.5452426813855036,1.7490585793539857
2.0,3.75,1.9912769746750176,0.9986803932443225,1.7985845549328903,1.8378053629730526
2.0,3.875,1.988338032212883,1.0221560028243477,1.698924996463994,1.943954045456872
2.0,4.0,1.9887368320347725,1.0324362089975383,1.6523375411096275,2.0500609856377894
2.25,0.125,1.8862674841564993,1.0585872894249255,1.3958071303839434,-0.31835547190912655
2.25,0.25,2.0176001090204543,0.9597167322266127,0.9565198570730905,-0.5000764653652812
2.25,0.375,2.0280819791409987,0.9317868499061851,0.5973660044961072,-0.5283163739840465
2.25,0.5,2.0280045065673735,0.9279187125740835,0.4525117864698051,-0.5345920386362132
2.25,0.625,2.030382870102178,0.8750324172475965,0.5492736254779036,-0.4983719079767464
2.25,0.75,2.0139911002895996,1.0105008132684452,0.34955012315385237,-0.4339122976661426
2.25,0.875,2.0202500629446654,0.9809752043337634,0.42744873274015277,-0.38345095302600674
2.25,1.0,1.9911930312136052,0.9214462541535812,0.6037488797388272,-0.3147900138232923
2.25,1.125,1.9624440792208762,0.9750918741907899,0.5298888824015152,-0.23195379337121377
2.25,1.25,1.828421995017508,0.9122235524410645,0.727714396361935,-0.1583792133673002
2.25,1.375,1.4895638368630744,1.0539606425522874,0.5248737852973882,-0.07043104586704657
2.25,1.5,0.9421649841667832,0.9262800189249504,0.9301043574504492,0.010714086813544514
2.25,1.625,1.5114427005432514,1.0064556138692136,0.8022424680544671,0.11462547414403021
2.25,1.75,1.772552180918791,1.0266494384967075,0.7687891722718884,0.2005243968505258
2.25,1.875,1.8336926733237833,0.9470065772548497,1.1664178892050883,0.2947300725267887
2.25,2.0,1.9046786574442034,0.9807369521039926,1.051320486072101,0.38243950771485213
2.25,2.125,1.926483939619783,0.9701043376550579,1.259849546035221,0.487891149804044
2.25,2.25,1.9477461914543717,0.976695157244989,1.2337602608517537,0.5952687507710626
2.25,2.375,1.9465628278447924,0.9401447327554664,1.604419177101168,0.7006321104371344
2.25,2.5,1.9679411732180725,1.0458981576205435,1.1579052406359123,0.7905852767829775
2.25,2.625,1.9732158196601741,1.022951191106916,1.3677817098305747,0.8926693850055556
2.25,2.75,1.974419825798059,0.9852092410380869,1.6197006057181107,1.0117416385385534
2.25,2.875,1.9774527252859075,1.0112529757398954,1.4396895531644531,1.1078008412292286
2.25,3.0,1.9823988859867263,1.0027586121575875,1.6771304075270819,1.224349149978455
2.25,3.125,1.9900021037938875,1.0179841495542437,1.6449974026224594,1.3063973032890457
2.25,3.25,1.9812264192452729,0.9708059947443527,2.0685492358649404,1.4074420025411658
2.25,3.375,1.9892343339744198,1.0046544610080737,1.8600520908782943,1.5224333117387008
2.25,3.5,1.9964545225357657,1.0224020845247255,1.873504831705597,1.6188833362648953
2.25,3.625,1.9899992443561696,0.9968043956008719,2.1188229904749236,1.7198508145624254
2.25,3.75,1.9907749881881731,0.9981349394975348,2.0035796180261145,1.8137805591040612
2.25,3.875,1.9901419169467571,0.995555843297599,2.1813920397830993,1.9264424527899198
2.25,4.0,1.9914572548153124,1.0495570611270215,1.8452609375828866,2.032242442166071
2.5,0.125,1.9347787671796315,1.015652464134178,1.80432886149615,-0.3657164537569625
2.5,0.25,2.0220640576723286,0.9856283531296076,0.833647455598041,-0.5468173357375279
2.5,0.375,2.0271816794209276,0.9159361268121041,0.5531632995478339,-0.5821012427210381
2.5,0.5,2.03723781015016,0.862820553002269,0.4903189808346293,-0.5717961249860852
2.5,0.625,2.02198648504333,0.9100595003167478,0.45666724009700005,-0.529658188928803
2.5,0.75,2.0259655575109936,0.9250341997100033,0.4539526385249792,-0.45387941815313965
2.5,0.875,2.020965513842527,0.9119162950828731,0.5597863628468214,-0.40697766348133496
2.5,1.0,1.986191621061335,1.0032449019048888,0.4351522306187633,-0.3345086082267035
2.5,1.125,1.9889451218774543,0.9388587289788164,0.6227277816455171,-0.2715217837684586
2.5,1.25,1.927018965315388,0.9653640474870216,0.667033108317348,-0.1792238624833542
2.5,1.375,1.7528831995146028,0.9915569848780607,0.6661218560032517,-0.10012085070373218
2.5,1.5,1.056551792460706,0.9686116724178101,0.8520154847813057,-0.027365326847352794
2.5,1.625,1.3635939120739387,0.9778602537873037,0.9000492091519894,0.06622359055035613
2.5,1.75,1.712392939568422,1.019599712039471,0.867423298374339,0.15025306745777606
2.5,1.875,1.838362606850318,0.996556781629571,1.0122988160803508,0.2517395014148033
2.5,2.0,1.9081481412175008,1.007950529712857,1.1148818308254254,0.3618780748034043
2.5,2.125,1.9276003817565086,1.0149524836883723,1.2219894916326395,0.4612083718288586
2.5,2.25,1.9402966118867226,0.9443382279066466,1.5262277670406972,0.5440892002207424
2.5,2.375,1.9604518751835387,1.0105343714610366,1.3618806870355928,0.6412439900479867
2.5,2.5,1.9605926058319565,1.0140042367078932,1.4968901103938699,0.7569025900073348
2.5,2.625,1.9767788032377442,1.0143884041517253,1.5999474717855686,0.8809709991049732
2.5,2.75,1.9827363147408665,1.020476935296724,1.6302747585547483,0.9596703545050141
2.5,2.875,1.9850044967980325,1.0108757138575382,1.709896132963047,1.077253624339291
2.5,3.0,1.9806682350433367,1.005700172909361,1.8096280724226723,1.1698288865171234
2.5,3.125,1.9900208645696114,0.9894494584301639,2.151857546064901,1.295491293229431
2.5,3.25,1.9846566803278942,0.980336134150355,2.254871002521582,1.3855999609490042
2.5,3.375,1.9931596185280438,1.0335933018923167,1.8349761907070836,1.4875655813891693
2.5,3.5,1.990767428985767,1.0466640631178323,1.9267947024040293,1.58870426821761
2.5,3.625,1.9855215648982831,0.9732849990702682,2.5110440992909977,1.699869873201461
2.5,3.75,1.9892321570855402,1.0332078588190736,2.063095848125063,1.8101712041376068
2.5,3.875,1.9905920343596788,1.0420320497977769,2.2006280382416805,1.9168547718900613
2.5,4.0,1.9908053023159116,0.947933969072546,2.8124180876989393,2.0050418821951768
2.75,0.125,1.9621178531793864,0.9829538861788858,2.1739648138369714,-0.40293169417168495
2.75,0.25,2.01840996563523,0.9871932318172371,0.8199963644385375,-0.5740176445536632
2.75,0.375,2.0317708526806526,0.865743835873853,0.6667091337236775,-0.600403701491195
2.75,0.5,2.0280723793113578,0.919464101933804,0.3952890256768076,-0.5725552229683273
2.75,0.625,2.025411675772478,0.9109392843491717,0.42195643112416076,-0.5386618384342624
2.75,0.75,2.02654050941493,0.862745544324645,0.6081828057102928,-0.4916654571197846
2.75,0.875,2.0165963224363335,0.9384172922486332,0.4757160556924183,-0.42704864158753447
2.75,1.0,2.0067358778961997,0.9864199352913873,0.47423095157521433,-0.3629608575447229
2.75,1.125,1.9894338014730766,0.9995869084600656,0.5141900977084087,-0.3013390475420061
2.75,1.25,1.9784825235230872,0.9984505137676793,0.6023412162623168,-0.22564584115543324
2.75,1.375,1.813563075907833,0.9373666333608655,0.8601072587309027,-0.13583934477077883
2.75,1.5,1.3379250681184176,1.0124564094728918,0.803378067841339,-0.04805119124106528
2.75,1.625,1.1766318604481836,1.0664632012144288,0.7011386158653267,0.032105284179690094
2.75,1.75,1.630937331335177,0.9719712520573127,1.1704558316706222,0.11414443299256076
2.75,1.875,1.8323765881459746,1.0304362270071596,1.0217750730724768,0.21911319472671095
2.75,2.0,1.874794800329387,0.9852420003330601,1.289736214139036,0.31138847429517713
2.75,2.125,1.9333566203324755,0.9681213151604757,1.5655648227493673,0.4251355003837498
2.75,2.25,1.9383706148236655,1.071743703604835,1.1160446325862474,0.5131544654136025
2.75,2.375,1.9593156658929214,0.9694724670580974,1.768931835566567,0.6182207475595045
2.75,2.5,1.9701964170741737,0.9985626317092412,1.70341548808326,0.7136279073717127
2.75,2.625,1.9669979542902367,1.062442647933495,1.458852192056661,0.826801753377558
2.75,2.75,1.965655423404452,0.9541256120259833,2.413190719790015,0.939470823464163
2.75,2.875,1.9829252951106902,1.0226715787880416,1.904767918129138,1.0402975986036387
2.75,3.0,1.9831640550651144,1.0096481685107959,2.102475881477368,1.1525295550456944
2.75,3.125,1.9852335767158884,0.9853728630628145,2.4077592801519976,1.2464183797151809
2.75,3.25,1.9895286043362799,1.003027614750445,2.269835958702015,1.3597932636591241
2.75,3.375,1.987294100856814,1.0213819832858897,2.4018768335570764,1.4670753119093753
2.75,3.5,1.9852353698912728,0.9627674340307918,3.051777323220406,1.5742081461044222
2.75,3.625,1.9899720104137033,0.9968602961114812,2.5866588542502837,1.6911778582683885
2.75,3.75,1.98401080474222,0.9655046390552001,3.1316723968105493,1.7729800968664546
2.75,3.875,1.990802255080556,1.0242048493082079,2.6195016262923674,1.8924622751590783
2.75,4.0,1.9959503658149114,1.0675484460933158,2.234899690252687,1.9939893996256863
3.0,0.125,1.984261730244931,0.9890027578810847,2.458911054984527,-0.4402925862217693
3.0,0.25,2.0364046511727834,0.9276295520401149,0.9843279992405499,-0.5991117828860933
3.0,0.375,2.0339762513284967,0.8113967090467552,0.7520305716051618,-0.621189137555153
3.0,0.5,2.0270490399144534,0.8512662459770758,0.5268572429259464,-0.606601141866782
3.0,0.625,2.0260343479170233,0.9052545386273799,0.43801410878633984,-0.555854956939806
3.0,0.75,2.0279706302617018,0.8830308182149236,0.49898471099626696,-0.5073015409530173
3.0,0.875,2.0251023621629045,0.9049197774513015,0.5702330429763931,-0.45895177750634336
3.0,1.0,2.0208435564498295,0.938388677156818,0.5452183790778657,-0.37864425360967763
3.0,1.125,2.0129713957353537,0.982689468153396,0.5656193117655399,-0.3263504406929199
3.0,1.25,1.97318858268192,0.923569573232298,0.7813242367895538,-0.24078360551025682
3.0,1.375,1.883187475104819,0.9525086282721794,0.8437921369327288,-0.16157261150397026
3.0,1.5,1.6002692552212319,0.9797574602590726,0.8273345607341656,-0.0762788291993899
3.0,1.625,1.0315987775767468,1.0268423823143475,0.8301663838644777,0.008006337329900973
3.0,1.75,1.535650692346558,0.9514571350449912,1.2874147736891828,0.10228514160518735
3.0,1.875,1.7791155398800915,0.9802060556591323,1.3606752038630359,0.17875771999775003
3.0,2.0,1.8700697669139732,1.0317479804203784,1.1300040735447345,0.2757678310496385
3.0,2.125,1.912084757998491,1.007454540514481,1.5130379749031297,0.3810201809319013
3.0,2.25,1.948671848266497,1.0345933649358252,1.4896943557726772,0.4930323647490453
3.0,2.375,1.9608226538527729,1.0370240120452248,1.5277157626751825,0.5829688262176891
3.0,2.5,1.9599701797225113,0.9991308633194487,1.8552649115340971,0.6832075175003989
3.0,2.625,1.9691050247099326,0.9928374806013427,2.1352983338866833,0.7804887774052657
3.0,2.75,1.9733335038117967,1.0145080177054575,2.195199691175222,0.9152191411640599
3.0,2.875,1.9860186250416958,0.9886839279617569,2.354764371293221,1.0135429050920484
3.0,3.0,1.984055615301968,0.9445025741143003,3.0193927135667162,1.1209568898894149
3.0,3.125,1.9908806842744344,1.0278406783597158,2.2934361413423887,1.22735934035898
3.0,3.25,1.9963201071933574,0.9924555898893164,2.643526713490333,1.3431446481869804
3.0,3.375,1.9879002038447258,0.9380891331097301,3.4321938127065184,1.454685963766421
3.0,3.5,1.9932500696785636,1.020474276113241,2.5648100303745913,1.5465775431722968
3.0,3.625,1.9919304437518417,0.9495723483512161,3.3923815442097927,1.660409539431857
3.0,3.75,1.991746708712551,1.00608170591476,2.867926986750612,1.7682277136475284
3.0,3.875,1.993180287227838,0.9581243525807279,3.641781545982312,1.8603836880973714
3.0,4.0,1.9902532184999717,1.016234654336254,2.905618337537656,1.9601397152139655
3.25,0.125,1.9935080595790209,1.0027466962187175,2.2552217921681654,-0.4687935247687858
3.25,0.25,2.034764518309845,0.9861116336057193,0.7492789934659615,-0.6297847184422936
3.25,0.375,2.0242315659069687,0.9252517308088429,0.40575598239797417,-0.6450656770134248
3.25,0.5,2.0285825820413836,0.8063258495365594,0.5687208075523998,-0.614729763375725
3.25,0.625,2.027211170745476,0.8802745239331123,0.4407032843939238,-0.5758301240149931
3.25,0.75,2.0256906384887046,0.8266879521767609,0.6231345852399931,-0.5264026010307408
3.25,0.875,2.0210629841733816,0.9466345352561315,0.43434951302637265,-0.4716186622645227
3.25,1.0,2.0146890100384973,0.9740462172133506,0.5072786089986272,-0.40328857017521863
3.25,1.125,2.00531200197133,0.9753652748881744,0.55729616416703,-0.3394442126332394
3.25,1.25,1.9948876024665467,0.9926345843892199,0.6566211811677273,-0.2598623184997021
3.25,1.375,1.9259117663768768,0.9380211828699605,1.0346207165277215,-0.18027972721443955
3.25,1.5,1.798107315636434,0.9815538060552774,0.9029423581322816,-0.11275474564040854
3.25,1.625,1.0620939547074202,0.9542745322049598,1.1756989711792523,-0.023151111305225965
3.25,1.75,1.4217624813020813,1.0015456175234598,1.1038394522135155,0.06474988400574994
3.25,1.875,1.7451495959764634,0.9751068779105158,1.382600683144862,0.15981449750002644
3.25,2.0,1.862050383850612,1.0170864668620052,1.3532031993216638,0.24698535753374354
3.25,2.125,1.921349748441727,0.9822944210627704,1.5935148010475997,0.3528934580001578
3.25,2.25,1.9413303004302933,0.9741938541737047,2.0097455576222347,0.44373847809482475
3.25,2.375,1.9492662359705044,1.0373360240896372,1.834699844464925,0.5527815907202147
3.25,2.5,1.9554113734078884,1.0479466505234907,1.7542443881947283,0.6666523950063528
3.25,2.625,1.9552135971511517,1.0444991299523634,1.9642405901564994,0.7608866289421339
3.25,2.75,1.9824140195136881,1.0578567736105453,1.902417745265745,0.8778803102847159
3.25,2.875,1.9886896719907488,1.044720863678567,2.149820437324097,0.9934988170192085
3.25,3.0,1.9820426677911105,1.0820519157933022,2.0880339040378084,1.0902337080943467
3.25,3.125,1.9815756426297002,1.0411442589977613,2.527753157220207,1.1941817290802808
3.25,3.25,1.9878818926576811,0.9716255846682673,3.4489640823685823,1.3118957784702951
3.25,3.375,1.9890138067699235,1.0342798947114291,2.9206772350759445,1.419134845376475
3.25,3.5,1.9875850407047615,1.0204232562213968,2.9247943962772474,1.5332904167910277
3.25,3.625,1.993666884551093,1.057296634606487,2.6421599773573226,1.6334937574809556
3.25,3.75,1.9933222686371554,1.0141825330236283,3.3215910195666924,1.746719649135129
3.25,3.875,1.9928011490155964,1.0434602320428503,3.0740359093300476,1.8528880800485594
3.25,4.0,1.9974989323600636,0.9902289830557254,3.764325543810109,1.9505547289411438
3.5,0.125,1.9967154927522397,0.9168425474446449,3.355378556500295,-0.5007496062257142
3.5,0.25,2.037572324249561,0.8157600087530171,1.1513052656614968,-0.6558814383885673
3.5,0.375,2.027100523709431,0.8028966437483891,0.6370532979500632,-0.6623025972797992
3.5,0.5,2.0301386122508114,0.7906397697756661,0.5764095077480434,-0.6320706504879593
3.5,0.625,2.0313958586258876,0.8227204958801848,0.5188699422124643,-0.5874775370862162
3.5,0.75,2.0227783314480208,0.9009442015637986,0.43590966141448273,-0.5411323558856812
3.5,0.875,2.019358324312153,0.906056411119358,0.5426528355908398,-0.4831848295539159
3.5,1.0,2.020511637177054,0.935109209195013,0.6056228479091876,-0.4205513906900092
3.5,1.125,2.0203478296003627,0.9797650132721384,0.5638867440342179,-0.34610902585079584
3.5,1.25,1.993955715694485,0.9690488719313234,0.6979376105075246,-0.28509654494112563
3.5,1.375,1.9898986594355996,1.0081823175169493,0.7557851556292899,-0.20291555869229913
3.5,1.5,1.8420077685697145,1.0005882035509681,0.8651112704207464,-0.12536261609864421
3.5,1.625,1.3430690352700987,0.9978469977480614,0.9694611081712827,-0.03940918670150082
3.5,1.75,1.257231352584388,1.0045489452950975,1.1083841982540759,0.04181426737190817
3.5,1.875,1.6903730355038018,0.9770860519126321,1.4547398346417564,0.14707459365838485
3.5,2.0,1.851986934503246,1.0489714744903882,1.2799709455894,0.2149333634318498
3.5,2.125,1.905102274769774,0.9946838654711594,1.682040357895645,0.3167937514336426
3.5,2.25,1.9302765121664118,0.991143232117136,1.8985728515963913,0.42759557677859306
3.5,2.375,1.9406534637506132,1.005997522039428,2.036634350912096,0.5229746453466421
3.5,2.5,1.9717119266487078,0.9961178579643889,2.2984526808545698,0.6286738606684267
3.5,2.625,1.9774206245474364,0.9858901919149667,2.4977578575174886,0.7338996139437624
3.5,2.75,1.972172585390399,0.9419053272564004,3.312632948871242,0.8499607183303782
3.5,2.875,1.9805574523382894,1.006218980949457,2.6477190272107114,0.9445213697236279
3.5,3.0,1.9743618305707054,1.0716110949220852,2.2978824418810064,1.069832603556666
3.5,3.125,1.9844615223075033,0.9783639820645552,3.41977874877135,1.1728720412534648
3.5,3.25,1.9816084961087619,1.0387166461961514,2.743685292485125,1.2893515240303992
3.5,3.375,1.988761633593238,1.003430703748704,3.1797988296984196,1.4012437368701594
3.5,3.5,1.9912349843948478,1.0106212833033619,3.381444080477505,1.5008049862015063
3.5,3.625,1.9838810947491485,0.9626340453476605,4.529929735547758,1.607920276625509
3.5,3.75,1.9897742349867853,0.9501054247623527,4.472095314312023,1.7312692191175585
3.5,3.875,1.9953622804091342,0.9649906183355429,4.399486039799647,1.8271003159329882
3.5,4.0,1.9941268162973174,0.9966711193870917,3.6513414350477302,1.9270322424068929
3.75,0.125,2.0078221912639114,0.8874641229459787,4.126821435610332,-0.5246755877498789
3.75,0.25,2.0269240405218163,0.8528838943956677,1.0278812776276363,-0.6699591968178887
3.75,0.375,2.0260029649277205,0.8317421416768133,0.5063515267135666,-0.6796069978959431
3.75,0.5,2.0243351857793623,0.8111994951917788,0.49420509781361227,-0.6481010662718886
3.75,0.625,2.022960455555918,0.8830976752302365,0.4228591952141048,-0.6024634386536177
3.75,0.75,2.0198547793437784,0.8195429609103435,0.5936566344787212,-0.5554391432891139
3.75,0.875,2.0217261626792937,0.9464045804528299,0.4848846586316244,-0.4903229799814987
3.75,1.0,2.0211067301268697,0.8774352748416304,0.6902822550221045,-0.42923408645437056
3.75,1.125,2.021554823075598,0.9307713979878198,0.7117801290115953,-0.36499748630414786
3.75,1.25,2.01341644173332,1.026228966837478,0.5168352051506517,-0.29295879455408536
3.75,1.375,1.9876448425012794,0.9944333833897543,0.7557641681123045,-0.2256483779223985
3.75,1.5,1.9169620404497807,0.9882688440992066,0.9170283769061564,-0.1502197356945733
3.75,1.625,1.5313113750107612,0.9994342517186224,1.0834615567492778,-0.08105405643915044
3.75,1.75,1.0292467810812385,0.9524163271620109,1.515325261090748,0.020333159831258274
3.75,1.875,1.6530290085808137,1.0213203126720332,1.272941044381913,0.10744220845919908
3.75,2.0,1.8380961129849243,0.9744968956048965,1.6943427022517479,0.19135480649045006
3.75,2.125,1.8903678821909564,0.9678481032245956,1.9758158897352767,0.29286728203716617
3.75,2.25,1.9417815810081063,1.029427501564997,1.73074262309969,0.39775801877427114
3.75,2.375,1.9574853760536317,1.1056923590356598,1.5019137899349968,0.4967154527135501
3.75,2.5,1.9709582614078998,0.9901817450135774,2.546506602652584,0.6020320110247623
3.75,2.625,1.9665396951380192,0.9451813522651198,3.3214829810520268,0.7153366075612284
3.75,2.75,1.9581655898183288,0.9846543517840958,3.044596017786727,0.816876345777484
3.75,2.875,1.9733425869050736,1.052827575815169,2.4449689888713597,0.914467967474141
3.75,3.0,1.9834547402384213,1.0074417927253274,3.2896215349075053,1.0298209375326761
3.75,3.125,1.9797066452756322,0.9759482443474624,3.4625798491659356,1.163287603197479
3.75,3.25,1.9823517844662861,1.0485657106265238,2.978050657196401,1.2668772992006503
3.75,3.375,1.9827151446268778,0.9953314158624014,4.020025710328098,1.370920749347596
3.75,3.5,1.9882757405411333,1.0002531550130032,3.589066331404767,1.484593238659704
3.75,3.625,1.9898567045234945,0.9983016346559483,4.104054871700386,1.6043040594015434
3.75,3.75,1.9970134492512854,1.0007993897533134,3.919602336693754,1.7011890289381915
3.75,3.875,1.9937590825014586,1.0174281365843432,4.055996226881397,1.8078108054116189
3.75,4.0,1.9918815030299573,1.0213543867418824,3.98660967438847,1.918262070821239
4.0,0.125,2.0126297719038013,0.9922126745349721,2.8712425707545695,-0.5549825919097219
4.0,0.25,2.033123014846974,0.8429660619238696,0.9671884838800174,-0.6909563626798984
4.0,0.375,2.0297025035208502,0.7423147265131766,0.6553842047321748,-0.688408608815445
4.0,0.5,2.02341794769112,0.8239625323864551,0.4532784691174893,-0.6642861678263899
4.0,0.625,2.021940925103447,0.8836164660513036,0.445524050377165,-0.6166361630568918
4.0,0.75,2.0182077664464977,0.8656441172529181,0.5363693841465119,-0.5623378001349989
4.0,0.875,2.0204728492831268,0.8770131977448078,0.56853735283531,-0.51021440316351
4.0,1.0,2.0233265761397337,0.9323595933431059,0.5566400026955154,-0.4441703460757851
4.0,1.125,2.01484847132793,0.9265737931077497,0.681824101133646,-0.38494236724071207
4.0,1.25,2.00953575154304,0.9473570639382258,0.802842214132591,-0.3120137566200277
4.0,1.375,1.9908959972723024,0.9769990253298841,0.8217288068932586,-0.2419809400347346
4.0,1.5,1.924950454943337,0.9884522306328986,1.0061628745623559,-0.17065280032428157
4.0,1.625,1.6577304724132602,0.9381788106905469,1.3073578372985604,-0.0875160025250683
4.0,1.75,0.9345416784013748,0.9339213949203744,1.5723015730436698,0.0036454056769316184
4.0,1.875,1.5464696018888937,0.9487823790117711,1.7069211391032781,0.08039176464687398
4.0,2.0,1.7909287923625474,1.0061110057223417,1.6069443424178065,0.17390072701993473
4.0,2.125,1.8725189265665254,0.9496318222588356,2.362245141288539,0.2670731012123205
4.0,2.25,1.93195681277112,1.033835001863229,1.79557085672397,0.37033171443221014
4.0,2.375,1.953296604407702,0.9823016473403665,2.53290516388018,0.47612102161843833
4.0,2.5,1.9553349672072167,0.9440456774931164,3.3482425872375043,0.5715740698990349
4.0,2.625,1.9768910590356397,0.9495418111819038,3.248169369749502,0.6744710169912049
4.0,2.75,1.9724038801736923,1.0421838821656009,2.671825433119059,0.7992093050682371
4.0,2.875,1.9745852736813294,1.0217085761890286,2.863159649305856,0.9009968185797531
4.0,3.0,1.9845650798115413,0.9651743002957415,3.9096765279354595,1.0105394742990461
4.0,3.125,1.9875720486126884,1.022215886835795,3.380235815984783,1.1426361424592133
4.0,3.25,1.9890863994189816,1.0067104288354973,3.8673460646176303,1.2357106139369125
4.0,3.375,1.997332660325234,1.0462732952327864,3.386134399928809,1.3398434181158492
4.0,3.5,1.987764664167477,1.034258772078331,3.81966754865919,1.4577756017179448
4.0,3.625,1.995560595098224,0.9404459338088508,5.331084200138454,1.5881775114761474
4.0,3.75,1.996343789763147,1.0296311470310109,4.016068059925743,1.6771430497387085
4.0,3.875,1.9900701029473136,1.0478329819283843,3.834272181972672,1.7945407795899657
4.0,4.0,1.99879250859836,0.9710729981049169,5.1235535564755414,1.909292159097869
4.25,0.125,2.022663175496312,0.9056602488345926,3.530955876236812,-0.5810618208043171
4.25,0.25,2.031070248308346,0.7214417961233056,1.3251309390887904,-0.6969502831475883
4.25,0.375,2.0261367137227837,0.690188995985184,0.7411070349610447,-0.7024166475501001
4.25,0.5,2.0229957310494324,0.7427924017996398,0.6477782206281238,-0.6731210119509213
4.25,0.625,2.0228096191026808,0.7814400586524621,0.6144415959243794,-0.6235080718367848
4.25,0.75,2.0183488720856646,0.8511975252151923,0.560124750017984,-0.5702839238564749
4.25,0.875,2.0161763119855802,0.9018134717301459,0.5646382891415715,-0.5185602110371184
4.25,1.0,2.020608584537921,0.9403231045571839,0.5768346919488393,-0.4556649727800317
4.25,1.125,2.0138904235554462,0.9562003413736967,0.6398866360989427,-0.3975932681013483
4.25,1.25,2.0100834234240716,0.9332737056446037,0.773237448810416,-0.33338186197443764
4.25,1.375,1.9972465968748685,0.9869686745618574,0.8167241770927907,-0.25947485244146284
4.25,1.5,1.9588579573313332,0.9388049366396987,1.1141745231947766,-0.1883959384133635
4.25,1.625,1.8337512240086071,1.051247157902824,0.882425302861826,-0.11117975895659371
4.25,1.75,1.137510854219995,1.0035470135043565,1.258704903529103,-0.024464462707718685
4.25,1.875,1.482061213923634,1.0177228252297725,1.3962405122821644,0.06834011860053665
4.25,2.0,1.7630574258761829,0.9843491447202587,1.8108965525721457,0.1495679457034193
4.25,2.125,1.8805707136718335,0.9693557155722604,2.2014543818672294,0.24417141170316375
4.25,2.25,1.930877249933055,1.0025863776872301,2.0009143939703185,0.33349907393097283
4.25,2.375,1.9451576044959207,1.018636242693637,2.2682680758808482,0.4524455829237565
4.25,2.5,1.9697818312128816,1.0298575993865993,2.361038416150591,0.5579028483862691
4.25,2.625,1.9637721275722981,0.9992603806200167,2.891712728459553,0.6439961155912628
4.25,2.75,1.9733837579468272,0.9456325749512816,3.7968873411354918,0.7606068562419678
4.25,2.875,1.9818657066798224,1.0340978962771665,3.0798277648367445,0.884148113149513
4.25,3.0,1.9929870218289898,0.9958147745791508,3.665602906430884,0.9987390053462047
4.25,3.125,1.9777777603249926,0.9532670557878529,4.7822976003407085,1.1110699593070223
4.25,3.25,1.9805231737740971,0.9864690022937851,4.142334501167918,1.2297615876201997
4.25,3.375,1.9852468766635514,0.9670430557987336,4.960210330335473,1.3431529881038609
4.25,3.5,1.988148451740282,1.0453423810894191,3.823371515028121,1.4494747077380195
4.25,3.625,1.9949064198343893,1.044315614792322,3.8899017879356244,1.5622701849934004
4.25,3.75,1.9964499798483157,0.990807020853911,4.957059394339565,1.674391463597625
4.25,3.875,1.9924733227833236,0.9957882759020986,4.7119564229985444,1.7780245218311708
4.25,4.0,1.9954358192856485,1.0211783620981043,4.803657961682397,1.8895179806724167
4.5,0.125,2.023939572526783,0.9647518591886877,2.800695842134146,-0.5969639702956139
4.5,0.25,2.0306170051162575,0.7626082983511804,1.0471461907461508,-0.7115543630893173
4.5,0.375,2.0232719842247033,0.7506393935657856,0.6202342224321743,-0.7107380642169039
4.5,0.5,2.0197201068315014,0.7935485016767609,0.4695226182629162,-0.6802101839979808
4.5,0.625,2.020932019505891,0.8511327806833752,0.5010226699788832,-0.6292529486892443
4.5,0.75,2.019916882516504,0.9189681108361644,0.45167762615709117,-0.5844622772676751
4.5,0.875,2.017202071609823,0.9039253431133975,0.5632549163695381,-0.5283158263796439
4.5,1.0,2.022254502340836,0.9388452163112757,0.6188420576433585,-0.4666513726469701
4.5,1.125,2.0148156170802127,0.9544264382556764,0.6405304282533424,-0.4025439184647429
4.5,1.25,2.019620692705149,0.9572699180572668,0.8325864336942854,-0.33776337920179755
4.5,1.375,1.9892026285362423,0.9199365635283371,1.1460933874691448,-0.2678428880292221
4.5,1.5,1.9718116659035891,0.9981698376022458,1.0015154783198958,-0.19273946540145323
4.5,1.625,1.8677203485426657,0.9298139787590545,1.5303784876346027,-0.12435620257865969
4.5,1.75,1.3316489970583212,0.9840581203190618,1.3309075816725586,-0.03771188044467283
4.5,1.875,1.2922948641022975,0.9959815472503649,1.5032738495195788,0.036697138275195856
4.5,2.0,1.712576380801904,0.9776873136700254,1.9032530959287421,0.13517902223198563
4.5,2.125,1.851442494298234,1.0047454271685756,2.0449228109497635,0.2257159433418407
4.5,2.25,1.9255154154736085,1.0316292500396882,1.9990005954858197,0.319106894139057
4.5,2.375,1.9427505929372952,0.9815402240386295,2.763993215549371,0.4147824170142968
4.5,2.5,1.9622258961755024,1.0087378044121778,2.6869843527215362,0.533828689858786
4.5,2.625,1.9678587938203362,0.9839980831251753,3.447148948820243,0.6410125290180033
4.5,2.75,1.984825310457376,0.9727443038319685,3.815975085795528,0.7442913435179281
4.5,2.875,1.9834100753957107,0.9672568382401942,4.1835300499320525,0.8558907440276491
4.5,3.0,1.9870144882491727,1.0140209961696487,3.775577070226474,0.9680048730524609
4.5,3.125,1.9890814361923435,0.9853977562468974,4.751694671315094,1.0804991683659206
4.5,3.25,1.9870212876526046,0.9941407403695232,4.504897310105414,1.2084519552620228
4.5,3.375,1.9872310720202981,1.024728719898681,4.242533133618801,1.316098106483354
4.5,3.5,1.9962706315637346,1.0347081683768165,4.294957134505213,1.4354541442832334
4.5,3.625,1.993099602861154,1.0206175922569227,4.637057243760886,1.5561976882921573
4.5,3.75,1.9894395264740568,0.9995944963316475,5.198608191991171,1.658221257971067
4.5,3.875,1.9937382070197236,1.0495840748587941,4.6463424359397605,1.7672844592392982
4.5,4.0,2.0004085392020112,0.9865301251271699,5.833950900875415,1.8758031314779702
4.75,0.125,2.014549969869549,0.8986361803671054,3.702534705954793,-0.6152448875921394
4.75,0.25,2.0216724041945286,0.7634339085439625,0.976108722533959,-0.7280524204143862
4.75,0.375,2.022431470475981,0.7023040985153213,0.7489028616985655,-0.717134627628744
4.75,0.5,2.020200192395848,0.8287897090044759,0.429060038435082,-0.6848767468986432
4.75,0.625,2.0206301941135387,0.7582215356273729,0.6600765816732977,-0.6374804041549967
4.75,0.75,2.0177390877829326,0.9258799120114789,0.4069648996161819,-0.5833273887266843
4.75,0.875,2.0154264854170445,0.915672372806651,0.5396282642491814,-0.5366834211416288
4.75,1.0,2.0160604777915085,0.9416623670243562,0.6307655736690194,-0.47215070565467415
4.75,1.125,2.0154584233106263,0.9028859145864379,0.8215259142434528,-0.41265060195687786
4.75,1.25,2.0150194570197346,0.9398604533853383,0.8821726723205656,-0.34711077530265017
4.75,1.375,2.017378077987485,0.9863338702424266,0.8919616097759943,-0.28273550137143366
4.75,1.5,1.9895355245481527,1.0605881231628254,0.8298500579003115,-0.20796004977643442
4.75,1.625,1.8962665307825077,0.9856691349822996,1.2188754921810447,-0.13340654574648694
4.75,1.75,1.4923368920760665,0.9663196816086788,1.5488255410336202,-0.053566512144431255
4.75,1.875,1.1928356982141508,1.0372189598763688,1.370293423991194,0.0243673746623556
4.75,2.0,1.733772050455703,1.0000135538107602,1.7000357280044456,0.1098878988343723
4.75,2.125,1.8575696559311898,0.9780618948518058,2.210958664672508,0.203678042157192
4.75,2.25,1.9117149582872275,1.0044962393532315,2.398947784599841,0.29457735914937516
4.75,2.375,1.9350028724435757,1.0022881759039852,2.6555929188749214,0.3991370690669769
4.75,2.5,1.9527994126664487,0.9810858692998725,3.341939729746558,0.5122867996113578
4.75,2.625,1.9768332812350657,1.0401293098302529,2.9730794883899136,0.616700204852507
4.75,2.75,1.9747804460840543,1.0136672623680931,3.321569747764648,0.7247834148689354
4.75,2.875,1.9718719962027296,1.0073299140818837,3.677047286225214,0.8390574226964616
4.75,3.0,1.9844590595167737,1.0213704734864413,3.7819518933315486,0.950583265052007
4.75,3.125,1.993087479127934,0.9905493970170055,4.452371857930263,1.0665373792105195
4.75,3.25,1.987297644068891,1.0311836740196172,4.393067125451842,1.176717888959534
4.75,3.375,1.9901703108411954,0.9562199848571884,5.781284005622206,1.2843241259326976
4.75,3.5,1.9946839573596702,0.9938598577466123,5.358881055425244,1.4034786213742858
4.75,3.625,1.9891437889675299,0.9321240367736259,6.532758197629387,1.5132768311425226
4.75,3.75,1.9955923553441195,0.9885965945425731,5.798392661238313,1.6317468441027414
4.75,3.875,1.994101832918483,0.9633759130333147,6.675133341783512,1.7390312456673982
4.75,4.0,1.9980706234785117,1.020676727087156,5.245690703855424,1.8662784171368263
5.0,0.125,2.0277896734469305,0.9232337968469659,3.123137810873209,-0.6362047264128177
5.0,0.25,2.026966445712,0.7197515643820694,1.1058479305780309,-0.7319658084283793
5.0,0.375,2.021049953715216,0.7501353495235014,0.575498065670417,-0.7292509432591511
5.0,0.5,2.0203676703762037,0.7113399094740551,0.726844877759466,-0.6925513382887049
5.0,0.625,2.0160979734168425,0.7748339512688692,0.6151126636049443,-0.6499663202676804
5.0,0.75,2.0181279728279358,0.8691095728783677,0.5802409626089841,-0.5947859571343409
5.0,0.875,2.0164033807214348,0.8538843511010458,0.7214900482594987,-0.5426263337494766
5.0,1.0,2.0165026136251294,0.9078739720476144,0.6215827664484237,-0.4864572850186981
5.0,1.125,2.018742444878012,0.9470267011183279,0.7078913300673855,-0.4200820547626651
5.0,1.25,2.0069329675166707,0.9594520608534703,0.8197476424821701,-0.3523729598072579
5.0,1.375,2.002228218055025,0.9420855727364056,1.0631874549206473,-0.2937071833511754
5.0,1.5,1.9891893823976714,0.9946359216453078,1.0499327641409457,-0.21569900197112363
5.0,1.625,1.9246538452995166,0.950404039477014,1.4055705660520024,-0.15134017295901653
5.0,1.75,1.65917725166386,1.000416303146189,1.403827750846133,-0.06988832117761487
5.0,1.875,1.0264778016579326,1.0062513635353094,1.5843247667347284,0.005916624511572706
5.0,2.0,1.6781275888672087,1.0034040171487661,1.8095213166526256,0.10104082991493776
5.0,2.125,1.848098755536798,1.0100752893227756,2.226596968565623,0.1775002090911563
5.0,2.25,1.9100138461961746,0.9989753097160555,2.3972162999951423,0.2867857759694882
5.0,2.375,1.9404121420584435,0.9962520317177663,2.7311438239602075,0.36478547644688164
5.0,2.5,1.9537236127239366,1.0209665440206257,2.8702466787600556,0.48021349021633963
5.0,2.625,1.966764222681157,0.9799938398857758,3.659483205462397,0.5882859741872064
5.0,2.75,1.9741074482099945,1.0005492645780687,3.8042504260064747,0.6916057123707
5.0,2.875,1.9817283580843934,0.9565298769567857,4.79436820353051,0.8112517064553992
5.0,3.0,1.9785955392870875,0.9866078024243282,5.041263698748917,0.9231955510248596
5.0,3.125,1.983126880364922,0.9837120591631474,5.232385468360511,1.0373201489240185
5.0,3.25,1.9871915946010719,1.0126339469419279,4.76685339575971,1.1400036288510678
5.0,3.375,1.9907878765054088,0.9967655748809994,5.169379306021692,1.2848968267922147
5.0,3.5,1.985392965402722,1.0036373094397188,5.4170938791739776,1.3884427503389123
5.0,3.625,1.9913879878246459,0.9709327453695807,6.535432183418171,1.5093046182184995
5.0,3.75,1.9946749248493028,0.9552505821120753,7.329477783059083,1.612139015836076
5.0,3.875,1.9853702705761291,1.0265765572493868,5.856300699901605,1.7397948553590374
5.0,4.0,1.9924563401827833,1.0487369542045992,5.607000853721645,1.8429128451441212
5.25,0.125,2.0341792956162266,0.9656280616767636,2.5791108175548683,-0.6554455076177417
5.25,0.25,2.0256040926978303,0.6682002046540131,1.1655031397936055,-0.7419550962788644
5.25,0.375,2.021571238556085,0.694278527609977,0.6679786391770124,-0.7324848226225399
5.25,0.5,2.0195423738627247,0.7340510478862153,0.6324390873889012,-0.6982543033377272
5.25,0.625,2.01843131770302,0.8042386780952641,0.6199209861987386,-0.6528017880759274
5.25,0.75,2.016275630607882,0.8605602743369719,0.5252989248542287,-0.6024526101916566
5.25,0.875,2.0129521515696065,0.8911294573524253,0.6522703646614305,-0.5546270191744852
5.25,1.0,2.020429402565536,0.9689430420121358,0.5539948050629714,-0.4868447942909877
5.25,1.125,2.0164487661849,0.9520271140493677,0.7035748850654262,-0.432677741371744
5.25,1.25,2.011768598335685,0.976993479603112,0.7882932401913831,-0.3692471986248337
5.25,1.375,2.015309622708639,0.9429446173487004,1.0947980843715157,-0.3016995692307177
5.25,1.5,1.9871473243444076,1.0474476898589322,0.8511343497094179,-0.228461839219788
5.25,1.625,1.9572007329664678,0.9270869171768512,1.52942721645073,-0.15670155132200883
5.25,1.75,1.8091575483663376,1.0130959988879413,1.3049111600031582,-0.08331929004937332
5.25,1.875,0.9837425869338066,0.9739356129922851,1.799449075364443,-0.0141377146080339
5.25,2.0,1.549898107086128,0.9188232043865584,2.5826220165184117,0.07186580608975543
5.25,2.125,1.8532456074872035,0.9592933151521634,2.645610798637665,0.17411247692056103
5.25,2.25,1.8916886162458342,0.9423120138556056,3.074459805085492,0.2618889344226686
5.25,2.375,1.9243364096239284,1.0555585718294216,2.385441330243398,0.3463079756492412
5.25,2.5,1.9603928910065462,0.9763133275717422,3.444773710362658,0.45334867437084236
5.25,2.625,1.9591055264660526,0.9289319424310043,4.725881176954025,0.5690641375818153
5.25,2.75,1.974221986338273,1.0606705618769725,3.2480949766101537,0.6840337296338531
5.25,2.875,1.9787763679817711,0.9341971026092203,5.580682593070904,0.801398094793303
5.25,3.0,1.9862841813805678,0.9907377394295777,4.901994238581768,0.9113992219156797
5.25,3.125,1.971830129168989,0.973224114794117,5.3935751174520545,1.0289644319320903
5.25,3.25,1.9856361991576692,0.9961946487614411,5.594228292545301,1.144198044464725
5.25,3.375,1.9870030935642804,1.0004378904182023,5.96378662571744,1.250772324579722
5.25,3.5,1.9885420012939006,0.9654299317330938,6.387310794605825,1.364525510807749
5.25,3.625,1.9871945765884904,0.9980861037866204,6.118744103972872,1.4942829956839108
5.25,3.75,1.996047698979251,1.0669916258540229,5.405700936350304,1.5981993555166238
5.25,3.875,1.9943466459282218,0.956141304164387,7.935260765647315,1.7220787339004378
5.25,4.0,1.9982383075350523,1.022058123372152,6.086254445762426,1.8272960128788351
5.5,0.125,2.0328614980842024,0.8725448434550603,3.8625280091652248,-0.6693395256409702
5.5,0.25,2.0245441873645396,0.7221160851890296,1.0691873079777166,-0.7483247212714974
5.5,0.375,2.0239158928720857,0.6255304232294654,0.9638236161654565,-0.7428655379159779
5.5,0.5,2.0174756204880135,0.7361841313216978,0.5867720506940818,-0.7065225674303942
5.5,0.625,2.0174171959924383,0.8018917509217436,0.5745118510951487,-0.6553073476595318
5.5,0.75,2.0152577691239384,0.9017317134102114,0.510453135658086,-0.6074414405193681
5.5,0.875,2.011108793402232,0.901732063209102,0.6355615887512915,-0.5558745298734592
5.5,1.0,2.014450913475365,0.9495596912576085,0.6190552275754265,-0.49580421135981134
5.5,1.125,2.0163153030154173,0.9698901081612783,0.7166503775137893,-0.43398556539411876
5.5,1.25,2.0195608193517725,0.9328321487244361,0.9935277108157654,-0.37173099477184174
5.5,1.375,2.0071433836671586,0.9266658744161695,1.162836948223701,-0.3093565753098159
5.5,1.5,2.004947438026615,0.9434902540000328,1.3317929219753102,-0.2434632875515673
5.5,1.625,1.9776803735454453,0.9749267126532709,1.2857002521742704,-0.1706477344074862
5.5,1.75,1.8315422265457042,1.0138779306084553,1.3251592241211945,-0.1028972154915377
5.5,1.875,1.1533802929553196,1.02018791327936,1.5080050702525103,-0.021854652455070366
5.5,2.0,1.4875108167611728,0.9914627255874019,2.0954330212059133,0.06614020302555029
5.5,2.125,1.7979750984087708,0.9930790551619305,2.263920703168887,0.14702795048018913
5.5,2.25,1.8743280937798943,0.9815161083872226,2.9148570129084916,0.2419258333034832
5.5,2.375,1.9397203811616968,1.0404977698157183,2.567617022717026,0.33577874033619887
5.5,2.5,1.9524078402604386,1.0553610228619033,2.6528033047200106,0.4452170100415231
5.5,2.625,1.954089639522229,1.0397041967025475,3.509379523352263,0.5410292306739137
5.5,2.75,1.9636681201725987,1.0120423833315957,4.171725787065452,0.6572942372818035
5.5,2.875,1.9812794710411548,0.9904348154243394,4.986123322664647,0.7589321723506832
5.5,3.0,1.9758580802806966,1.0154924574901398,4.670330738582648,0.8796096185079535
5.5,3.125,1.9862872838656307,0.9693671866820517,5.850387875239576,0.9881281934070878
5.5,3.25,1.9861410055894864,1.0374973577824296,5.107082106303654,1.1143875470967608
5.5,3.375,1.9904063377036616,0.9973554011607785,6.102782178673236,1.2282057672418236
5.5,3.5,1.9911094311503201,0.9933344982706878,6.795262823069604,1.3579719995500303
5.5,3.625,1.9911392480810735,1.0117719845533215,6.079222787800523,1.465384250369572
5.5,3.75,1.9961686364712543,0.9853460298160748,7.10292033476531,1.5925922790595204
5.5,3.875,1.994901708419162,0.9925193054068533,7.486079735921987,1.6997345107500628
5.5,4.0,1.99756710194104,0.9855989013836821,7.920520163105237,1.809305730585058
5.75,0.125,2.027132557655843,0.8730337006167668,3.040260018280883,-0.6824490329965954
5.75,0.25,2.0253987210528526,0.5722228943347181,1.7510494910541057,-0.7570303910002835
5.75,0.375,2.018340232901756,0.6672947351827891,0.6799824179769081,-0.7406864609114934
5.75,0.5,2.0199904787243232,0.7135402769195771,0.7102902324814747,-0.7074862511023794
5.75,0.625,2.0178667397348966,0.7745125988241601,0.6398711081531085,-0.661286992157558
5.75,0.75,2.019580644219101,0.9014672886160532,0.5049934082653328,-0.6164610913746889
5.75,0.875,2.0147634894209774,0.9698864046900731,0.50796891083171,-0.5540924002514959
5.75,1.0,2.00966513611055,0.9195230061224852,0.7187360066654159,-0.5073202200255935
5.75,1.125,2.012775674396051,0.9306011726011558,0.8566170082714566,-0.44968623545365655
5.75,1.25,2.0065578027955393,0.9584383213467428,0.874570791900615,-0.38038913748916076
5.75,1.375,2.0144129969598215,0.9730313762842291,1.0490390799602969,-0.3226830535821055
5.75,1.5,2.003762251174589,0.9797500679395091,1.166626529717923,-0.2493981461028476
5.75,1.625,1.9762044389575646,0.9008729299289722,1.7375954599764423,-0.18517642531627812
5.75,1.75,1.88727454136556,1.0088716654618008,1.4926945682636128,-0.11064658510606096
5.75,1.875,1.2422539078370696,0.926555807495725,2.2893060762739594,-0.036405905282271826
5.75,2.0,1.367839872327618,0.9711059692091568,2.2542980447593326,0.0487488840778844
5.75,2.125,1.7541086998549895,0.9716761268465766,2.6221906961949712,0.14595629715492822
5.75,2.25,1.8814366918140064,0.9928111711651596,3.00734600611015,0.22905565553989218
5.75,2.375,1.9345168821914744,1.0343322383076567,2.856885785834055,0.32876651540203045
5.75,2.5,1.9510646066277757,1.0458460674470287,2.94233356777501,0.427703315132342
5.75,2.625,1.9601376629436795,1.0160293324741827,3.8989733460787592,0.5285682592314151
5.75,2.75,1.965301617796598,0.9670799132033193,4.902893112080178,0.6415490269595024
5.75,2.875,1.9727609883719173,1.0189415802252189,4.540312040254065,0.7310517223071765
5.75,3.0,1.9780329614424164,0.9524927943200052,5.910006037480094,0.8627457706713074
5.75,3.125,1.98182994026446,0.990413036833305,5.905102447104874,0.9754391921754493
5.75,3.25,1.9831395447162248,1.0305631539817022,5.330394324503015,1.0957032440627563
5.75,3.375,1.9901142545274624,1.0315518505967838,5.7028405726346305,1.2193201819562396
5.75,3.5,1.9884665343166676,1.0273109514464773,5.929109085809385,1.312910911714841
5.75,3.625,1.9986994479259184,1.0237488014656033,6.284941814168682,1.4504277866541355
5.75,3.75,1.9918030987122766,0.9824820525467436,7.561285298083376,1.562719239974351
5.75,3.875,1.9943914964142877,0.9918277367225427,7.826591542685278,1.6766234309392427
5.75,4.0,1.9958210710313957,1.0498531537873343,6.509095986057822,1.7847550234579892
6.0,0.125,2.0285215388544,0.9120074282990807,3.0300309779205947,-0.6895541425223791
6.0,0.25,2.024548103798821,0.5151248475583925,2.1433072519827374,-0.7628024147199824
6.0,0.375,2.019002572037962,0.6474301340224532,0.7992425930646457,-0.754223311159982
6.0,0.5,2.0155994674754867,0.7994713111646466,0.4862488562659194,-0.7105074985957947
6.0,0.625,2.0149138408079277,0.7890484708131248,0.610436093036945,-0.6707667574199209
6.0,0.75,2.0177400931278466,0.8362245726511882,0.6932961382311117,-0.6190925920633509
6.0,0.875,2.012711184247212,0.9231540990920312,0.6508961184049579,-0.5644452632200921
6.0,1.0,2.0143658837392264,0.8679611930385168,0.9401912198243055,-0.5106180316760064
6.0,1.125,2.0142325110000554,0.9569952715756934,0.8376039784019856,-0.4494070696030392
6.0,1.25,2.0112767601539003,0.9772854542068871,0.9430374749368994,-0.391493184902231
6.0,1.375,2.0218847532401205,0.9495404848018478,1.162527315682222,-0.32263685056504093
6.0,1.5,2.003511800497478,1.0024811404829173,1.0695748407629944,-0.2617014174652171
6.0,1.625,1.9934868614053955,0.9494767786710003,1.5660543422900326,-0.18511709385016906
6.0,1.75,1.8962414960877636,0.9863591947878475,1.5602353956875,-0.12313415776313341
6.0,1.875,1.440080581990351,1.0050882448386227,1.873978967351826,-0.043994107484748246
6.0,2.0,1.2924904917086633,1.001571056482174,2.0106139592112626,0.034306441182168246
6.0,2.125,1.7511575694539632,1.0255018658178847,2.224666881745469,0.11782257688762449
6.0,2.25,1.877976599504722,0.9570349241728054,3.217942404310965,0.20273931393358277
6.0,2.375,1.931453402799615,0.9812928008064411,3.2294009493653744,0.3053417898304279
6.0,2.5,1.9461539014282927,0.977382110680986,3.8623759470877843,0.4085649316691295
6.0,2.625,1.9719524474117487,1.0516231480387956,3.2603870979186413,0.5038588475074165
6.0,2.75,1.984925973165255,1.0327688740259997,3.918457827296516,0.617637324297971
6.0,2.875,1.987870051060605,0.9929496662576277,5.259850755722181,0.7323748438920302
6.0,3.0,1.9947731754279636,1.0294168068794844,5.1928468778933965,0.8435936688574294
6.0,3.125,1.9818811778233028,1.0183354715223274,5.775567668500437,0.9594955805085993
6.0,3.25,1.992736618387171,1.0051747008866323,6.270449124463125,1.0737986411320073
6.0,3.375,1.9907215621438903,1.013651701917624,6.401199785559994,1.1901331930528807
6.0,3.5,1.9929790459174297,0.9839348154911566,7.199536414527572,1.3143464179483961
6.0,3.625,1.9993382994439544,1.031375475360938,6.638795953427027,1.4308926243257647
6.0,3.75,1.9934402482515994,0.9918883062739517,7.860940859995849,1.5644765767241802
6.0,3.875,1.9951953979866395,1.027778369359916,7.218225698121357,1.6700555368725218
6.0,4.0,1.9966443835081509,1.0285079547459377,7.19089285506033,1.7861123510862802
6.25,0.125,2.0343459994190165,0.7935184677001266,4.232686883517081,-0.7085132224616463
6.25,0.25,2.02343238588755,0.6390287391771169,1.0948594541423387,-0.7650882312546421
6.25,0.375,2.0217892566946145,0.5397803589755341,1.2413787491436006,-0.7520337967106268
6.25,0.5,2.0150238620428675,0.7122803864437796,0.732946426770157,-0.7215156996482803
6.25,0.625,2.0141408770491185,0.8456868988930466,0.5499483959412071,-0.6693320822249207
6.25,0.75,2.0139373397420517,0.9020813505067176,0.5546280802364338,-0.6247666474423211
6.25,0.875,2.0120474867099456,0.85848271527491,0.8400630435793525,-0.5671589446068592
6.25,1.0,2.0161997962149645,0.9140604658655526,0.8387982851008972,-0.5154846630479623
6.25,1.125,2.0117197356094456,0.9681902328931492,0.7817538771608598,-0.4541585019128088
6.25,1.25,2.011458801342906,0.9792679036212394,0.8913521637582396,-0.40216594494903757
6.25,1.375,1.9998766564429127,0.9975479998269364,0.983794492266815,-0.33134006365491464
6.25,1.5,1.9993434895596953,1.048753501517671,0.9132954073570837,-0.2681657736635217
6.25,1.625,1.9692728366397132,1.0112450272524094,1.2788713212234721,-0.20425813858297037
6.25,1.75,1.945014788378585,1.001070410072531,1.5519838043556617,-0.12895257765938917
6.25,1.875,1.5819601447476141,0.9584269808351131,2.1876606116528654,-0.04720434661737634
6.25,2.0,1.1644519521798826,1.010594232104986,2.0225496912361565,0.024542964875441324
6.25,2.125,1.7147846970796377,0.9990482430883072,2.4937105580568035,0.10912046187889934
6.25,2.25,1.878036302597242,0.9754313767515559,3.1171252682498394,0.1886940185464092
6.25,2.375,1.9229922660169179,0.987711711644893,3.282403563713004,0.283694010243272
6.25,2.5,1.9562316295002218,0.9939234385708896,3.7767359469414408,0.3891684643935689
6.25,2.625,1.9748550851790339,0.9851381821483874,4.095533766105082,0.48498413362403553
6.25,2.75,1.975605796049142,1.0374305156624672,4.046145301838855,0.6203214891587462
6.25,2.875,1.9752789686181438,0.9982041716489255,5.191004110421878,0.70273560600893
6.25,3.0,1.9802010725722783,0.9833765746953538,6.222153383716513,0.825222418718948
6.25,3.125,1.987874691404793,0.9996528912175189,5.913742677382315,0.9387645209527475
6.25,3.25,1.9847608439446722,0.9995541646086549,6.710370926123798,1.0657228634837528
6.25,3.375,1.9859727789192172,0.9925069933791851,7.140866427727257,1.1724267948186138
6.25,3.5,1.9872256011608995,1.0015256955442962,7.256075839566894,1.2878314952165122
6.25,3.625,1.9862496311864204,0.9988079713609952,7.971262815650328,1.415410681249424
6.25,3.75,1.997349228959751,1.033485024554023,7.381598641957302,1.5442790321424817
6.25,3.875,1.9937050951254185,0.957508159905077,9.63936192527885,1.6497952700458427
6.25,4.0,1.9931834347550155,1.0040900847628191,9.27368636072507,1.7710123373821092
6.5,0.125,2.030204263496496,0.8264654543778065,3.6979374712835296,-0.7167308113471136
6.5,0.25,2.0224373293750775,0.5772319407841218,1.3127495742668527,-0.7717770647390176
6.5,0.375,2.017549862907983,0.6252974831390163,0.8699138092437046,-0.7549813546085241
6.5,0.5,2.014231147961703,0.7329792106214098,0.6390325510377013,-0.7219442411235745
6.5,0.625,2.0115690733623643,0.8519876944012759,0.53336424985252,-0.67793733782814
6.5,0.75,2.0145766017637503,0.8640424329250359,0.6334292201046462,-0.6272996768029258
6.5,0.875,2.011722284117318,0.8956698536129529,0.7382503450835716,-0.5738685452187506
6.5,1.0,2.0111392844008136,0.9078240128844149,0.8618198155900856,-0.5159575567306155
6.5,1.125,2.012946015138829,0.9242052064393216,0.9805995372023227,-0.4634749151624086
6.5,1.25,2.0119370785203503,0.9394164508281637,1.1169699123767098,-0.40103554048448536
6.5,1.375,1.9980591535813605,1.0027933633756694,1.0095708776429513,-0.3369272846514835
6.5,1.5,2.0026960202826625,0.9774550553091577,1.342074058541074,-0.2798804282050122
6.5,1.625,1.9787087551592648,1.0240040420345873,1.2515759897059653,-0.2124169415031933
6.5,1.75,1.9218780374817248,0.9840375655954586,1.7306917725588662,-0.13160713790178744
6.5,1.875,1.6849752484246838,1.008945639088743,1.8296308365237821,-0.06784037143986994
6.5,2.0,1.0417013731925782,0.9843636732849473,2.2956905141075223,0.016931201183775356
6.5,2.125,1.6631777298120856,0.9786181753460903,2.782939565492463,0.09034049004205505
6.5,2.25,1.8454528286984604,0.9820232470326558,3.0277970167732153,0.17677413735615521
6.5,2.375,1.9050009683294287,0.9961146851524277,3.385477797038648,0.2768484594188544
6.5,2.5,1.9398529153697195,0.9036231464265342,5.636320576235611,0.36842532410766676
6.5,2.625,1.972932179488835,0.9615377326754807,4.687879801669529,0.47188159555988385
6.5,2.75,1.9682938464631337,0.9675721476489936,5.200601370305579,0.5839900069613781
6.5,2.875,1.964722749390645,0.9816554526207506,5.913453467960334,0.6796406936427013
6.5,3.0,1.9727697316663022,1.0441612490133418,4.840175155613036,0.7937812427129065
6.5,3.125,1.983611923105558,0.9851141745345635,6.576060253597786,0.9224470606016942
6.5,3.25,1.9888379543465413,1.0148297733946265,6.72506140436662,1.0423812804286094
6.5,3.375,1.9908265178905218,1.0781977183624736,5.849526976723086,1.1698782145776763
6.5,3.5,1.9890261420787945,0.9630794017827768,9.187708715173338,1.2773872196854401
6.5,3.625,1.9911530724362667,1.026037002202582,7.693285658959682,1.4012911654749054
6.5,3.75,1.9992073026133788,1.0064389449726199,7.923870927437301,1.53409816737411
6.5,3.875,1.9941628902295572,1.0099470770035983,8.072301065320586,1.6448012208315004
6.5,4.0,1.9933156415065874,1.0235457017088105,8.26995998640742,1.754928770313943
6.75,0.125,2.0321702736490064,0.7525918854899577,4.575751603435182,-0.7227703837130586
6.75,0.25,2.020145575618033,0.5831046704961936,1.2629674142797611,-0.7808054540905311
6.75,0.375,2.017223935718715,0.6588487922163937,0.7886730110834886,-0.7626698618879537
6.75,0.5,2.01572287969413,0.7285433142352821,0.7124119919502996,-0.7248163869216709
6.75,0.625,2.0138472345616214,0.7919900525908439,0.7125348407517301,-0.6780597520715697
6.75,0.75,2.012480163864746,0.834668842263475,0.6937652514134139,-0.6331548047369382
6.75,0.875,2.0121914581222407,0.9245189070467389,0.7004242022612412,-0.5811140558057485
6.75,1.0,2.011126132720599,0.8981259816791126,0.9284640595163508,-0.5209852090576064
6.75,1.125,2.0112792023164605,0.9520544345965062,0.9317394438451901,-0.4675314780390613
6.75,1.25,2.020119081408396,0.9999138403206096,0.9081247937518274,-0.40427992629514037
6.75,1.375,2.00802011513233,0.9193602847432905,1.3582555089121582,-0.3422036055050178
6.75,1.5,2.005299140497013,0.949746390324394,1.4108293934188216,-0.2834157656731964
6.75,1.625,1.9857005034599364,0.9670151425253793,1.7431131570430598,-0.21783514764308973
6.75,1.75,1.945108921211712,0.9775437070967009,1.7712934173860364,-0.13935723026499178
6.75,1.875,1.7387528812498496,0.9666954314980787,2.194446326330421,-0.07387166716867023
6.75,2.0,0.99399103757213,1.0003369142773268,2.331419481535773,-0.007342789099140442
6.75,2.125,1.623840761199804,0.9813951462351418,2.6932877377599826,0.07502245312295834
6.75,2.25,1.8732769400626732,1.044996523965993,2.5931491994022666,0.16374090941541872
6.75,2.375,1.9071802448626471,0.9470366546438144,4.266335359590301,0.25298848863663675
6.75,2.5,1.9409374336537037,1.0156363151739676,3.7685442471942774,0.3529737170482953
6.75,2.625,1.9685829363336498,1.020899020180749,4.077583491519202,0.4491096005459059
6.75,2.75,1.9744323621094646,0.9890582428412585,4.766404186657332,0.5601680550293372
6.75,2.875,1.9691170649980025,0.99801263160144,5.969689577101023,0.6662039506148432
6.75,3.0,1.9798324080082295,0.9979791614163943,5.998343365684879,0.7898010684947863
6.75,3.125,1.985556661204554,1.0180248625890969,6.339720671456112,0.8990537162766564
6.75,3.25,1.9890371897984804,1.0073420971231135,6.519698215840078,1.013673485280192
6.75,3.375,1.9893723814674595,1.000414752489325,7.6395016996651055,1.139866393910638
6.75,3.5,1.9886670070555679,1.039475411203375,7.012120068910126,1.263114285400592
6.75,3.625,1.9878960407084638,1.0062522315171063,8.102554017546082,1.3861252819402596
6.75,3.75,1.9941517980413004,1.0315873693290278,8.367916678134764,1.4979137942040652
6.75,3.875,1.9901604227666694,0.9435967606231781,11.64364664142101,1.6175754415303585
6.75,4.0,1.9936447902164498,1.0098659505939738,9.672790620028536,1.7383663465076749
7.0,0.125,2.0270974059747555,0.8563116783082081,2.8235376485580663,-0.7342458170826635
7.0,0.25,2.0216607485760165,0.5161016476814846,1.7929943196131133,-0.7843908925071925
7.0,0.375,2.0173875213845696,0.5703270510165451,1.2199140323274014,-0.7627024555788785
7.0,0.5,2.0135472934327843,0.7442352953273171,0.6543702046021733,-0.7293059105325844
7.0,0.625,2.0143763394762213,0.8468309892807214,0.5880506687803271,-0.6841368193146715
7.0,0.75,2.0120832997609877,0.8549700379825973,0.6949506143124501,-0.6327972578015704
7.0,0.875,2.0112241802730284,0.904671267019006,0.7493771597890779,-0.5824647963694468
7.0,1.0,2.0099555989663744,0.9527354583440152,0.7481803786318963,-0.5253324996309544
7.0,1.125,2.0148789520961037,0.9889647384456677,0.8345628401230221,-0.47391364418602117
7.0,1.25,2.0109057568627198,0.9032145707979247,1.2929708447992214,-0.4133822677652438
7.0,1.375,2.0084530101430547,1.0131700819012075,1.039511643742119,-0.3554676782946878
7.0,1.5,1.9943628257893988,0.9491164396428082,1.5767403285092185,-0.2920411494620638
7.0,1.625,1.993505131625849,0.9945392315304359,1.505705947270166,-0.22373586541749274
7.0,1.75,1.9457323928740253,1.0428446286496211,1.4469232260248295,-0.15978479200434775
7.0,1.875,1.823475384470228,1.0265216973566176,1.7834203647136821,-0.08573390708608737
7.0,2.0,0.9982617426168514,0.9590844929055368,2.628015453615523,-0.006982501070725484
7.0,2.125,1.5842782750999433,0.9640199856305887,2.92259782398397,0.07223235775542979
7.0,2.25,1.8296585242424361,0.9700026911088748,3.327985560781018,0.15230903332361495
7.0,2.375,1.9200444340059288,1.0643463144823715,2.7875620263848955,0.24333184460949533
7.0,2.5,1.9543715543242564,1.0189512559802978,3.8918633552777178,0.34125201325946974
7.0,2.625,1.9496940748082947,1.034368580514427,4.153971987919362,0.43868318434980363
7.0,2.75,1.9682034500561962,1.0467799834746605,4.110352893803873,0.5397889599773263
7.0,2.875,1.985295026376585,1.0204963068057646,5.169559860606566,0.652636383849362
7.0,3.0,1.9815857429370902,0.9661744989972264,7.051701019190875,0.7670784304105441
7.0,3.125,1.9904963504342716,0.9893769034796617,6.9836242206176795,0.8880540248330585
7.0,3.25,1.9868979234719637,0.9628354617519888,8.384911254099142,0.9998183663248754
7.0,3.375,1.9942809558867112,1.0580303138554028,6.633255025999954,1.1310103054294172
7.0,3.5,1.993806596718097,1.0019737479279214,8.739550496652722,1.2442983136089047
7.0,3.625,1.9923484039512243,1.0210041307778956,8.474419672703814,1.3648476389146942
7.0,3.75,1.9911759005393994,1.0254241931101715,8.795772035056059,1.4893697420514342
7.0,3.875,1.9951921297365558,0.9806597356332961,10.906233221627245,1.6048474681782714
7.0,4.0,1.9953985425759302,1.0127830385655059,9.821877784379359,1.7278840090587122
7.25,0.125,2.031495617431372,0.8130261251369252,3.2211077107617094,-0.7390636915409928
7.25,0.25,2.019732055827105,0.5781529397910268,1.3127481749181882,-0.7868374219071355
7.25,0.375,2.015289439501869,0.6195043303152697,0.8542563265928799,-0.767736815115147
7.25,0.5,2.0154363329153906,0.7650060039551113,0.6309729989162389,-0.7335313197939741
7.25,0.625,2.010395225668177,0.8327148531848698,0.611394278191692,-0.6897020107051766
7.25,0.75,2.014483578009718,0.8924262087832912,0.6554188541223943,-0.6407006855970936
7.25,0.875,2.0096525154578098,0.9236926772587576,0.7087194631569158,-0.5912276087131865
7.25,1.0,2.014585593592725,0.9468891700479735,0.8159579510021616,-0.5322154558710409
7.25,1.125,2.0103389220296006,0.8846192254404632,1.2541067303398015,-0.47620790405905483
7.25,1.25,2.0151129965197296,0.9311789789455154,1.23474330316846,-0.41680292823474907
7.25,1.375,2.011098096915282,0.9210376123094681,1.4320734245043671,-0.3591825369174008
7.25,1.5,2.008802556991753,1.0081860055022218,1.2230283137073046,-0.2947741003450476
7.25,1.625,2.0061146445553444,0.955129708719177,1.8716071319931782,-0.23121893028589885
7.25,1.75,1.9691132598159617,0.9736863225634658,1.9050306034874096,-0.16685560448974598
7.25,1.875,1.8306995606345207,1.0017901847739126,1.9371786835467755,-0.09996991145756388
7.25,2.0,1.1127166900881662,0.9620679878857915,2.865313537519035,-0.020360199225860794
7.25,2.125,1.5199974002123404,0.9705267905482421,3.1096842355302674,0.05262590642352321
7.25,2.25,1.83453795887378,1.0297447859253912,2.7912530459627516,0.1388248127480889
7.25,2.375,1.8970181165592308,1.0256338059236592,3.2949171135598068,0.2262220061834884
7.25,2.5,1.9522659822854806,0.9984576073650726,4.2832967880720245,0.32964888139820736
7.25,2.625,1.95982213358719,1.0267280145892101,4.351319648906193,0.42101864407327366
7.25,2.75,1.9624110482945618,0.9909609315039778,5.550085765121486,0.5332692703114558
7.25,2.875,1.9740833193845655,1.0019272604597231,6.173838649438782,0.6395464630582981
7.25,3.0,1.9801261969085777,1.0355330783267092,6.248388836687239,0.7346543230766875
7.25,3.125,1.9840946738878857,0.9677720222147937,8.30956571705008,0.8801585900555525
7.25,3.25,1.985552113783615,0.9552578188656815,8.88843434341182,0.9854505944438903
7.25,3.375,1.9867096333986687,0.9612027496950042,9.886528516025642,1.118355930370933
7.25,3.5,1.991025796458753,0.9907217225028379,9.416958889161304,1.2408931898794828
7.25,3.625,1.9948490985075047,1.0084848985374049,8.925985097942835,1.3565965970666662
7.25,3.75,1.9913478914188287,1.0069943007136046,9.628829191404515,1.4687651428540431
7.25,3.875,1.9921359374524592,0.9708620092148214,11.380234287378205,1.5991372198383913
7.25,4.0,1.9941712779498073,1.0155284260756277,10.127586078275797,1.714587931456583
7.5,0.125,2.0287103635729697,0.7968597953636705,3.0109840993665222,-0.7488021351435492
7.5,0.25,2.0182808592127235,0.582574175124665,1.2933013907605262,-0.7888005153892815
7.5,0.375,2.01358972930345,0.6357563698028795,0.8363540985893985,-0.7713505605069304
7.5,0.5,2.0123814373004105,0.7007400624011799,0.9079907026348462,-0.7372828145389863
7.5,0.625,2.0109024923063417,0.8423889898768345,0.5593893894351157,-0.6967260138024233
7.5,0.75,2.0115245284245074,0.8472812789321197,0.8027491523697634,-0.6452064162133403
7.5,0.875,2.0082040918756516,0.9663007984650855,0.6429300540620814,-0.5892783244870217
7.5,1.0,2.011626171605812,0.9136728528850517,0.9669431924544312,-0.5363798871548561
7.5,1.125,2.0085965512617787,0.997835986368686,0.8891911846115361,-0.4812237179293691
7.5,1.25,2.0094934790230736,0.9817271055314828,1.0807505708558995,-0.41721762123222644
7.5,1.375,2.0075738369666065,0.9380168751177475,1.5229816955265887,-0.3653125270153695
7.5,1.5,2.011454876734877,1.0223951055939937,1.3150712090170456,-0.30212368192531913
7.5,1.625,1.9893648107744448,0.9463641936263061,1.8706137870252846,-0.23821331892950295
7.5,1.75,1.9770354140456228,0.9871172328081586,1.914308588548049,-0.1732788975818959
7.5,1.875,1.9035328056994596,1.0096457151921914,2.1298836931510783,-0.1028976877383025
7.5,2.0,1.3183852902381519,1.0081341258684473,2.370004925488211,-0.025818375964659256
7.5,2.125,1.4434589709331953,1.0236274519470117,2.6390911025530275,0.044102427629978506
7.5,2.25,1.7891093375408869,0.9842133909360429,3.2667948761603625,0.13343155387390854
7.5,2.375,1.9022626143759949,0.9811068479744209,3.7854359445109536,0.21815756626787441
7.5,2.5,1.9241392563597992,1.0140781149781994,3.8440874631537816,0.30834870290684585
7.5,2.625,1.9627476250665772,1.0019707836202134,4.819354116822076,0.40505572411461077
7.5,2.75,1.9693877828745512,1.0154322736670405,5.274164686210047,0.5145934396551763
7.5,2.875,1.9723169694550686,0.9994431200897177,5.938160880927612,0.6109126499814581
7.5,3.0,1.9852364293789473,0.9773114600469588,7.0156450946428235,0.7332888261814766
7.5,3.125,1.9845731925600765,0.9958055605175893,7.431037147380284,0.8480468282880463
7.5,3.25,1.9808210915586746,0.9265642759053675,10.9685253744149,0.9752443731672862
7.5,3.375,1.9875661113773069,1.0147696042954626,8.556914377166104,1.0878000917957151
7.5,3.5,1.9975324931399077,1.071961961392126,6.956355381876918,1.2128430304890125
7.5,3.625,1.9890994681662797,1.0158928523531718,9.262778954325437,1.3415791514294135
7.5,3.75,1.9862052103247916,0.9933246911557452,10.03815532459426,1.4671729808801743
7.5,3.875,1.9970700308616807,1.0026317327541068,10.612364108345274,1.5752363769033806
7.5,4.0,1.993933384616268,0.9823406219467261,11.70413940062721,1.7043009583461664
7.75,0.125,2.022476217072269,0.7920138701487156,2.7239287485967645,-0.7590061134547933
7.75,0.25,2.018292230317675,0.49991138896688697,1.7334565786715965,-0.7982449837166783
7.75,0.375,2.0147962173278646,0.5284595452739985,1.4687495085290843,-0.771365772246631
7.75,0.5,2.0136751381307603,0.8025819865729249,0.5444275919125423,-0.7386039471213143
7.75,0.625,2.0119264729194195,0.8058706783780828,0.7833775118595302,-0.6908568994067401
7.75,0.75,2.0096078706305223,0.8977955519455657,0.640048067910556,-0.6427056534598756
7.75,0.875,2.0125634001556207,0.9338815436238305,0.7542457910172368,-0.5947543956964461
7.75,1.0,2.0107116082885748,0.9672936318723567,0.838527123327865,-0.54058531172683
7.75,1.125,2.014131618869071,0.9864773147149671,0.942672584295499,-0.48436552721840215
7.75,1.25,2.010936049240299,0.9420252418542209,1.313727422835316,-0.4299506957738491
7.75,1.375,2.000662382910491,0.9685080903807992,1.311458097658534,-0.36076888421229725
7.75,1.5,1.9971848645592671,1.0027384290976205,1.3816208427526924,-0.3073414802923562
7.75,1.625,2.01312789040122,0.941038147216592,2.046500356561406,-0.24885097749780824
7.75,1.75,1.98255930180728,0.9803717548232055,2.07030650636362,-0.18440308545609935
7.75,1.875,1.8910142917130066,0.9678914023919578,2.4125863268706214,-0.11086659001924395
7.75,2.0,1.4661423530793432,1.0126567867243317,2.3263772209453952,-0.04684917770672068
7.75,2.125,1.3889273986702935,1.0015046028849328,2.952217969877681,0.037449532302025614
7.75,2.25,1.770621001814732,0.9526018515429361,4.083807150982927,0.1245486649905807
7.75,2.375,1.8932113155637975,0.9941765612910555,3.8819702129453524,0.2077052461129873
7.75,2.5,1.923511163665997,0.9445583284198109,5.1389922231046485,0.2989053645681636
7.75,2.625,1.939861765276524,0.9972220102366075,4.921272158477608,0.39486392925497943
7.75,2.75,1.9639466365180256,1.0019342983922688,5.323332523218475,0.49721290619034675
7.75,2.875,1.9852149712105551,0.9994859949291414,6.186437083855047,0.6109099137098052
7.75,3.0,1.9787853873271621,1.0183107318551432,6.490232695514423,0.7257136469437857
7.75,3.125,1.9832658108178773,1.0234683326998255,7.097366076789385,0.8482899448800381
7.75,3.25,1.988249497449587,0.9526032114193875,9.585019770304223,0.948042814135857
7.75,3.375,1.9918187896636872,0.9776545040842921,9.940998387429987,1.0813080521931786
7.75,3.5,1.9863201044391505,1.033207153240559,8.846869037390169,1.212203087289869
7.75,3.625,1.989650532336015,1.0238991869393976,9.291714499980843,1.322664262712551
7.75,3.75,1.9957638905647572,0.9894465183466282,11.295696687613148,1.4344959087178
7.75,3.875,1.9944101435052732,1.0331737338941247,9.816221387730634,1.5645030513517313
7.75,4.0,1.9911401937796334,1.0636739851048873,9.317812357346174,1.7011896753915152
8.0,0.125,2.028578382714607,0.7596286085977149,3.444119596387895,-0.760560159118421
8.0,0.25,2.0185328082238128,0.4478737606542305,2.269268863267444,-0.8025432560950762
8.0,0.375,2.0142487735901655,0.547901967729719,1.4072662187071743,-0.7772176673860998
8.0,0.5,2.0135225651956983,0.7404437423800815,0.7138451658311493,-0.7402924240070761
8.0,0.625,2.010802098294257,0.8558547694968265,0.6249335858132712,-0.6931061359190731
8.0,0.75,2.0121719953436834,0.8374662455163782,0.8937289651846976,-0.6495067260757531
8.0,0.875,2.0104118009249605,0.8905792875469906,0.9249692203340898,-0.594999493642714
8.0,1.0,2.0082746624636596,0.9417595555262888,0.9464889333125732,-0.5448040953555774
8.0,1.125,2.0129893838082507,0.9310744053417419,1.155161195885666,-0.48563319655518533
8.0,1.25,2.014249685862477,0.9928958170217155,1.0596360674573408,-0.4329907024350844
8.0,1.375,2.0134382167157505,0.9213140064727433,1.6513242263255246,-0.375958128030241
8.0,1.5,1.9971612804733327,0.9777004084319818,1.661556694267812,-0.31618705247544765
8.0,1.625,2.002823179547195,0.961201581281115,1.9619496797374847,-0.24544383418139976
8.0,1.75,1.9703879767793087,0.9473907744603026,2.3779079214692675,-0.18350042934016536
8.0,1.875,1.930003431299966,1.0225440725541755,1.9101392087638793,-0.11861935151329753
8.0,2.0,1.5033740535380493,0.9913427412734457,2.8125583413424424,-0.039918499743527715
8.0,2.125,1.2483556564868836,0.9985382283512156,2.919027972997454,0.03988328351689827
8.0,2.25,1.7499246857892663,0.977229758702693,3.468356124724945,0.11695517787603289
8.0,2.375,1.8873437843722116,0.9938975083236188,3.884298406244379,0.19105764494447056
8.0,2.5,1.9339873354694903,0.9799950602441723,4.966116021003277,0.28597856071126765
8.0,2.625,1.9560382210240734,1.0428739594802863,4.45579900729579,0.3830534803384839
8.0,2.75,1.9599561188605,0.9987127157256205,5.824148254217697,0.48298326404601644
8.0,2.875,1.970015318809131,1.0576141913149992,5.059597035458132,0.5966236106526291
8.0,3.0,1.9793584797644128,1.0224931526560102,6.682215916694632,0.6965552333956352
8.0,3.125,1.981924476594851,1.0237578841366026,7.199477681339378,0.8113692867179506
8.0,3.25,1.9862604488518631,1.0108746595405669,8.853167376388242,0.9425161846619902
8.0,3.375,1.995530827068715,0.9498459401406647,10.958726205654571,1.06370321442841
8.0,3.5,1.9910567909492785,1.0207697087736254,8.915540838543238,1.1908604360981303
8.0,3.625,1.9932560250983093,1.0058959653733843,10.40113900756467,1.314612780160765
8.0,3.75,1.9941553827109637,0.9800317296501297,11.850920791028242,1.4346756818879376
8.0,3.875,1.992086162899377,1.0041069093690709,11.62990450128523,1.5573926090275263
8.0,4.0,1.993646293511958,0.9935323777029483,13.556398113457304,1.6776407027875193
