# lp/w = 1.5
# Pf/Ps = 1.25
# G = 1.0
# target = 10
# success rate = 46.0
1.580310000000000059e+02
5.729000000000000092e+00
1.205910000000000082e+02
1.587179999999999893e+02
8.058100000000000307e+01
8.076200000000000045e+01
1.839819999999999993e+02
1.539799999999999898e+02
2.897320000000000277e+02
1.237000000000000099e+01
5.547599999999999909e+01
6.455700000000000216e+01
2.208699999999999974e+01
1.315409999999999968e+02
3.388900000000000290e+01
7.318399999999999750e+01
4.890200000000000102e+01
4.132500000000000284e+01
3.846699999999999875e+01
5.784600000000000364e+01
7.853799999999999670e+01
1.928830000000000098e+02
2.862119999999999891e+02
1.484199000000000069e+03
2.819099999999999895e+01
1.298969999999999914e+02
2.624180000000000064e+02
1.763460000000000036e+02
1.631940000000000168e+02
3.910000000000000142e+01
2.046699999999999875e+01
5.198600000000000421e+01
5.011599999999999966e+01
4.161299999999999955e+01
1.538319999999999936e+02
1.128400000000000034e+02
5.081499999999999773e+01
8.985999999999999943e+01
7.055500000000000682e+01
4.531560000000000059e+02
5.280900000000000460e+01
3.027309999999999945e+02
7.742300000000000182e+01
8.191800000000000637e+01
1.279260000000000019e+02
5.220400000000000063e+01
1.615140000000000100e+02
1.990899999999999892e+01
1.025550000000000068e+02
9.737950000000000728e+02
9.092000000000000171e+01
1.469159999999999968e+02
1.842900000000000205e+01
3.337169999999999845e+02
9.075439999999999827e+02
7.993900000000000716e+01
7.610899999999999466e+01
6.850400000000000489e+01
1.672509000000000015e+03
1.988010000000000161e+02
2.898229999999999791e+02
4.376200000000000045e+01
1.775099999999999909e+02
8.082699999999999818e+01
8.648260000000000218e+02
6.683210000000000264e+02
3.874600000000000222e+01
2.230459999999999923e+02
3.662359999999999900e+02
5.135699999999999932e+01
1.147500000000000000e+02
4.573700000000000188e+01
6.261929999999999836e+02
4.601670000000000300e+02
5.978590000000000373e+02
1.464900000000000091e+01
1.572900000000000098e+01
2.196550000000000011e+02
3.185629999999999882e+02
3.996920000000000073e+02
1.367419999999999902e+02
2.262000000000000171e+02
8.556600000000000250e+01
1.896000000000000085e+01
6.496600000000000819e+01
2.168269999999999982e+02
4.272459999999999809e+02
1.202669999999999959e+02
2.256100000000000136e+02
6.730620000000000118e+02
1.012330000000000041e+02
6.773630000000000564e+02
1.329530000000000030e+02
2.011229999999999905e+02
1.499950000000000045e+02
1.038689999999999998e+02
1.004609999999999985e+02
4.142000000000000171e+01
9.821399999999999864e+01
1.586105999999999995e+03
9.527599999999999625e+01
2.474300000000000210e+01
2.486680000000000064e+02
1.842399999999999949e+01
6.505840000000000600e+02
1.334970000000000141e+02
1.999530999999999949e+03
9.050400000000000489e+01
2.062500000000000000e+01
5.065590000000000259e+02
2.491779999999999973e+02
5.699600000000000222e+01
7.807780000000000200e+02
7.632099999999999795e+01
1.948799999999999955e+02
7.505940000000000509e+02
4.236080000000000041e+02
2.343350000000000080e+02
2.251529999999999916e+02
5.975679999999999836e+02
1.811490000000000009e+02
1.110049999999999955e+02
6.049000000000000199e+01
9.917400000000000659e+01
1.098200000000000109e+01
1.627940000000000111e+02
1.391200000000000045e+02
1.159819999999999993e+02
3.330939999999999941e+02
6.707099999999999795e+01
1.561299999999999955e+01
2.475960000000000036e+02
1.732700000000000173e+01
1.208389999999999986e+02
1.325399999999999920e+02
1.152390000000000043e+02
9.144299999999999784e+01
1.081680000000000064e+02
6.295700000000000074e+01
8.077999999999999403e+00
3.355000000000000000e+02
1.700039999999999907e+02
4.547520000000000095e+02
1.042418000000000120e+03
5.813100000000000023e+01
1.094140000000000015e+02
4.440029999999999859e+02
4.354400000000000404e+01
1.412500000000000000e+02
1.623460000000000036e+02
4.553980000000000246e+02
5.066900000000000404e+01
4.995480000000000018e+02
3.532719999999999914e+02
6.835899999999999466e+01
2.323300000000000054e+01
7.738750000000000000e+02
7.308020000000000209e+02
1.829290000000000020e+02
2.159600000000000009e+01
6.192129999999999654e+02
7.595900000000000318e+01
4.580250000000000341e+02
5.406470000000000482e+02
4.700600000000000023e+02
8.307000000000000384e+00
2.960529999999999973e+02
4.234530000000000314e+02
1.457379999999999995e+02
4.421200000000000330e+01
2.140910000000000082e+02
1.815360000000000014e+02
3.736100000000000421e+01
2.347299999999999898e+01
6.961199999999999477e+01
7.463700000000000045e+01
6.324200000000000443e+01
1.067280000000000086e+02
5.606820000000000164e+02
1.379039999999999964e+02
3.644089999999999918e+02
3.320370000000000346e+02
5.441950000000000500e+02
3.399199999999999733e+01
5.716100000000000136e+01
5.136100000000000421e+01
3.062300000000000111e+01
2.069800000000000040e+01
1.709629999999999939e+02
2.870500000000000185e+01
1.470576999999999998e+03
3.659639999999999986e+02
1.196340000000000003e+02
1.801580000000000155e+02
1.864300000000000068e+01
1.868420000000000130e+02
1.066512999999999920e+03
2.621700000000000230e+01
3.735140000000000100e+02
1.601359999999999957e+02
2.522460000000000093e+02
7.855800000000000693e+01
5.695499999999999829e+01
2.613940000000000055e+02
9.138599999999999568e+01
2.202650000000000148e+02
1.681030000000000086e+02
7.451000000000000512e+01
1.684819999999999993e+02
9.644999999999999574e+00
4.704480000000000359e+02
1.474770000000000039e+02
3.453800000000000381e+01
1.189519999999999982e+02
1.570670000000000073e+02
2.460769999999999982e+02
2.439830000000000041e+02
1.021869999999999976e+02
2.201359999999999957e+02
4.598020000000000209e+02
5.996399999999999864e+01
3.638000000000000256e+01
2.398019999999999925e+02
1.532969999999999970e+02
1.746651000000000067e+03
7.922400000000000375e+01
3.131700000000000159e+02
1.139980000000000047e+02
4.406600000000000250e+01
2.414190000000000111e+02
6.064200000000000301e+01
1.411920000000000073e+02
5.489300000000000068e+01
8.430400000000000205e+01
5.187830000000000155e+02
1.075000000000000000e+02
1.231479999999999961e+02
1.256170000000000044e+02
4.554299999999999926e+01
6.461299999999999955e+01
1.218970000000000056e+02
6.355040000000000191e+02
2.383220000000000027e+02
7.151019999999999754e+02
3.038599999999999923e+01
1.573761999999999944e+03
4.771000000000000085e+01
6.164500000000000313e+01
2.156009999999999991e+02
3.543800000000000239e+01
2.185159999999999911e+02
2.313700000000000045e+01
8.700960000000000036e+02
1.429110000000000014e+02
5.027700000000000102e+01
3.468099999999999739e+01
2.996199999999999974e+01
3.001000000000000156e+01
9.448199999999999932e+01
6.283899999999999864e+01
1.176430000000000007e+02
5.930700000000000216e+01
1.554700000000000060e+01
9.744500000000000739e+01
1.553780000000000143e+02
1.284639999999999986e+02
4.088299999999999841e+02
5.689300000000000068e+01
3.464970000000000141e+02
7.519000000000000128e+00
1.870420000000000016e+02
4.730899999999999750e+01
6.368419999999999845e+02
2.297839999999999918e+02
2.473139999999999930e+02
3.224030000000000200e+02
9.493200000000000216e+01
1.378780000000000143e+02
1.234720000000000084e+02
3.768700000000000045e+02
3.267570000000000050e+02
7.533200000000000784e+01
3.625620000000000118e+02
5.200600000000000023e+01
1.251320000000000050e+02
1.628890000000000100e+02
6.366000000000000369e+01
3.406860000000000355e+02
4.616499999999999915e+01
2.154639999999999986e+02
5.211500000000000199e+01
4.212719999999999914e+02
7.668500000000000227e+01
4.810099999999999909e+01
5.352600000000000335e+01
4.965749999999999886e+02
5.394500000000000028e+01
3.645000000000000284e+01
1.523340000000000032e+02
6.895199999999999818e+01
4.008709999999999809e+02
7.015000000000000568e+01
1.418750000000000000e+02
9.585500000000000398e+01
2.825889999999999986e+02
7.113490000000000464e+02
1.766760000000000161e+02
1.385469999999999970e+02
5.277350000000000136e+02
6.499099999999999966e+01
8.788400000000000034e+01
2.989839999999999804e+02
4.833899999999999864e+01
3.823530000000000086e+02
5.829899999999999949e+01
1.098011999999999944e+03
3.394240000000000350e+02
2.761750000000000114e+02
3.463799999999999812e+01
2.639870000000000232e+02
2.054599999999999937e+01
3.011879999999999882e+02
8.069250000000000682e+02
3.379089999999999918e+02
5.498799999999999955e+01
7.294210000000000491e+02
3.063439999999999941e+02
5.260600000000000165e+01
1.104930000000000092e+02
1.251670000000000016e+02
1.928071000000000140e+03
2.348439999999999941e+02
7.556900000000000261e+01
6.070499999999999829e+01
1.574600000000000044e+01
1.420199999999999996e+01
6.422340000000000373e+02
2.471270000000000095e+02
2.332789999999999964e+02
2.070699999999999932e+02
5.122290000000000418e+02
8.063599999999999568e+01
2.979100000000000037e+01
4.921800000000000352e+01
5.262100000000000364e+02
1.127490000000000094e+02
9.895400000000000773e+01
1.419020000000000152e+02
4.014200000000000301e+01
1.583679999999999950e+02
1.772980000000000018e+02
8.994320000000000164e+02
6.393390000000000555e+02
1.162480000000000047e+02
7.117659999999999627e+02
4.334240000000000350e+02
6.728990000000000009e+02
7.449699999999999989e+01
3.097899999999999920e+01
1.464310000000000116e+02
5.131700000000000017e+01
3.690690000000000168e+02
1.476440000000000055e+02
2.837600000000000122e+01
1.086359999999999957e+02
2.350210000000000150e+02
1.075720000000000027e+02
2.958199999999999932e+02
3.038700000000000045e+01
2.027150000000000034e+02
1.480939999999999941e+02
7.392799999999999727e+01
3.263700000000000045e+01
2.237900000000000134e+01
2.702860000000000014e+02
4.439440000000000168e+02
1.858444999999999936e+03
5.407459999999999809e+02
4.679400000000000404e+01
1.207699999999999996e+01
1.819759999999999991e+02
2.674180000000000064e+02
1.322700000000000031e+01
3.467239999999999895e+02
1.471340000000000146e+02
5.852849999999999682e+02
3.067060000000000173e+02
1.342344000000000051e+03
2.080799999999999983e+01
9.737600000000000477e+01
8.294599999999999795e+01
5.146200000000000330e+01
4.985710000000000264e+02
4.316600000000000392e+01
2.292680000000000007e+02
1.141000000000000085e+02
2.458700000000000045e+02
1.217590000000000003e+02
2.326399999999999935e+01
7.977720000000000482e+02
3.878750000000000000e+02
5.152580000000000382e+02
2.845100000000000051e+01
5.306199999999999761e+01
3.405899999999999750e+01
1.055323000000000093e+03
8.264780000000000655e+02
5.884000000000000341e+01
2.191100000000000136e+01
4.304200000000000159e+01
8.321860000000000355e+02
2.148300000000000054e+01
1.287350000000000136e+02
3.643199999999999932e+02
6.035200000000000387e+01
1.427905999999999949e+03
2.118580000000000041e+02
8.689100000000000534e+01
1.334585000000000036e+03
8.151829999999999927e+02
8.057999999999999829e+01
1.251359999999999957e+02
4.914200000000000301e+01
6.614300000000000068e+01
3.543729999999999905e+02
4.634030000000000200e+02
5.976100000000000136e+02
8.078000000000000114e+01
4.389770000000000323e+02
2.674619999999999891e+02
7.654699999999999704e+01
1.910200000000000031e+01
1.935550000000000068e+02
1.469480000000000018e+03
1.763700000000000045e+01
9.574599999999999511e+01
1.328420000000000130e+02
4.828509999999999991e+02
1.769689999999999941e+02
4.345389999999999873e+02
3.095020000000000095e+02
1.106340000000000003e+02
2.941900000000000048e+01
8.626099999999999568e+01
3.670300000000000296e+01
7.539799999999999613e+01
6.199699999999999989e+01
9.731000000000000227e+01
4.399399999999999977e+02
6.129579999999999700e+02
4.462299999999999756e+01
6.733139999999999645e+02
1.604960000000000093e+02
3.326920000000000073e+02
4.797920000000000300e+02
1.784730000000000132e+02
4.329599999999999937e+01
4.828110000000000355e+02
2.174629999999999939e+02
7.898790000000000191e+02
8.702599999999999625e+01
3.835540000000000305e+02
5.495879999999999654e+02
1.423849999999999909e+02
1.015270000000000010e+02
7.912300000000000466e+01
9.190900000000000603e+01
1.510120000000000005e+02
8.021999999999999886e+01
2.041270000000000095e+02
3.470180000000000291e+02
1.766884000000000015e+03
1.799680000000000177e+02
1.529459999999999980e+02
8.979099999999999682e+01
1.405759999999999934e+02
1.185701000000000022e+03
4.854200000000000159e+01
1.188640000000000043e+02
1.364029999999999916e+02
2.059260000000000161e+02
8.132110000000000127e+02
2.141479999999999961e+02
2.154579999999999984e+02
2.228569999999999993e+02
8.375740000000000691e+02
6.629900000000000659e+01
1.498399999999999999e+01
4.299959999999999809e+02
6.330620000000000118e+02
4.408899999999999864e+01
3.630420000000000300e+02
8.288909999999999627e+02
4.893260000000000218e+02
5.936400000000000432e+01
1.756500000000000128e+01
3.142900000000000205e+01
1.365039999999999907e+02
3.893599999999999994e+01
3.904599999999999937e+01
8.713899999999999579e+01
1.499320000000000164e+02
2.115630000000000166e+02
1.702040000000000077e+02
8.027400000000000091e+01
2.845780000000000314e+02
3.090339999999999918e+02
2.870040000000000191e+02
2.587999999999999901e+01
6.221000000000000085e+01
5.505700000000000500e+02
3.714099999999999824e+01
7.593500000000000227e+01
4.653009999999999877e+02
1.097001999999999953e+03
6.189289999999999736e+02
4.338609999999999900e+02
6.292300000000000182e+01
1.691126999999999953e+03
1.240730000000000075e+02
7.405470000000000255e+02
2.474699999999999989e+02
6.907079999999999700e+02
1.123740000000000094e+02
4.649399999999999977e+01
9.213800000000000523e+01
1.170379999999999967e+02
2.225759999999999934e+02
5.987359999999999900e+02
6.798020000000000209e+02
5.790979999999999563e+02
5.403900000000000148e+01
5.678880000000000337e+02
5.986449999999999818e+02
4.902049999999999841e+02
1.065780000000000030e+02
5.157860000000000582e+02
1.574120000000000061e+02
5.929400000000000404e+01
1.985600000000000165e+01
3.444890000000000327e+02
4.286949999999999932e+02
2.780450000000000159e+02
5.239099999999999824e+01
4.538269999999999982e+02
3.033940000000000055e+02
6.998999999999999488e+01
6.682280000000000655e+02
5.626900000000000546e+02
4.757399999999999807e+01
2.345990000000000180e+02
3.187710000000000150e+02
4.455010000000000332e+02
6.753199999999999648e+01
1.278899999999999970e+01
1.825100000000000122e+01
1.764830000000000041e+02
2.690430000000000064e+02
6.650999999999999801e+00
3.834100000000000108e+01
7.853700000000000614e+01
1.035911000000000058e+03
4.479590000000000032e+02
1.202040000000000077e+02
1.005769999999999982e+02
2.972930000000000064e+02
6.078899999999999864e+02
1.190900000000000034e+02
5.728909999999999627e+02
4.049809999999999945e+02
2.859799999999999898e+01
8.773300000000000409e+02
5.137299999999999756e+01
6.239399999999999835e+01
2.575199999999999889e+01
1.150800000000000090e+01
4.742069999999999936e+02
1.885409999999999968e+02
3.804599999999999795e+02
9.726000000000000867e+00
2.196550000000000011e+02
9.950499999999999545e+01
3.774449999999999932e+02
5.400910000000000082e+02
2.361479999999999961e+02
2.426170000000000186e+02
6.510289999999999964e+02
9.993990000000000009e+02
1.000699999999999967e+01
2.536750000000000114e+02
4.196099999999999852e+01
1.488830000000000098e+02
1.358509999999999991e+03
1.691799999999999926e+01
1.860200000000000031e+01
1.451400000000000112e+01
1.967359999999999900e+02
1.150099999999999945e+01
3.541600000000000392e+01
4.278600000000000136e+01
5.520000000000000462e+00
6.629550000000000409e+02
6.698300000000000409e+01
1.024320000000000022e+02
1.329770000000000039e+02
9.114900000000000091e+01
2.042669999999999959e+02
3.802069999999999936e+02
3.525830000000000268e+02
5.303399999999999892e+01
2.874900000000000233e+01
1.907489999999999952e+02
2.104430000000000121e+02
1.062860000000000014e+02
6.650999999999999801e+00
2.760300000000000153e+01
1.604913000000000011e+03
6.215610000000000355e+02
1.080169999999999959e+02
1.553600000000000136e+02
1.399600000000000080e+02
7.066299999999999955e+02
1.038520000000000039e+02
2.202500000000000213e+01
5.287800000000000011e+01
1.348549999999999898e+02
1.585988000000000056e+03
3.902490000000000236e+02
6.624600000000000364e+02
5.107889999999999873e+02
5.369080000000000155e+02
1.062346999999999980e+03
1.011340000000000003e+02
1.250130000000000052e+02
1.268033000000000129e+03
1.678990000000000009e+02
5.831539999999999964e+02
6.740500000000000114e+01
6.585399999999999920e+01
1.046389999999999958e+02
6.669999999999999929e+00
2.587429999999999950e+02
6.560090000000000146e+02
4.170100000000000051e+01
8.639010000000000673e+02
6.227799999999999869e+01
6.869299999999999784e+01
1.468100000000000023e+02
7.745199999999999818e+01
1.479480000000000075e+02
1.503789999999999907e+02
2.110030000000000143e+02
5.176299999999999812e+01
1.073345000000000027e+03
1.178059999999999974e+02
5.493669999999999618e+02
1.069514000000000124e+03
1.370500000000000007e+01
8.207599999999999909e+02
5.960200000000000387e+01
3.272200000000000131e+01
1.565970000000000084e+02
2.915200000000000102e+01
2.766310000000000286e+02
1.268299999999999983e+02
5.815599999999999881e+01
1.597650000000000148e+02
2.993779999999999859e+02
5.516799999999999926e+01
6.839999999999999858e+00
3.947219999999999800e+02
1.632129999999999939e+02
6.906199999999999761e+01
1.288660000000000139e+02
1.546499999999999986e+01
3.655100000000000193e+01
1.493859999999999957e+02
2.833969999999999914e+02
1.270000000000000000e+02
1.988795000000000073e+03
1.548569999999999993e+02
6.729300000000000637e+01
1.002212999999999965e+03
7.295689999999999600e+02
8.281499999999999773e+01
6.343039999999999736e+02
1.239300000000000068e+01
2.737150000000000318e+02
2.000339999999999918e+02
2.569300000000000139e+01
1.732950000000000159e+02
2.597789999999999964e+02
1.537319999999999993e+02
1.575500000000000078e+01
1.010120000000000005e+02
1.215700000000000003e+01
1.186033000000000129e+03
9.484999999999999432e+00
3.455969999999999800e+02
1.113502999999999929e+03
5.513700000000000045e+01
8.728600000000000136e+01
7.942799999999999727e+01
1.735399999999999920e+02
1.069810000000000088e+02
7.174699999999999989e+01
7.372290000000000418e+02
9.060000000000000000e+02
3.433280000000000314e+02
8.217999999999999972e+00
3.716400000000000148e+01
1.212011999999999944e+03
4.236689999999999827e+02
8.077770000000000437e+02
1.017579999999999956e+02
1.085659000000000106e+03
8.021099999999999852e+01
4.112909999999999968e+02
1.679159999999999968e+02
8.760300000000000864e+01
1.022917000000000030e+03
4.237700000000000244e+01
1.524670000000000130e+02
3.512080000000000268e+02
4.266300000000000381e+01
8.557600000000000762e+01
2.337300000000000111e+01
7.861299999999999955e+01
1.807499999999999929e+01
4.381440000000000055e+02
4.785099999999999909e+01
3.206890000000000214e+02
3.623469999999999800e+02
5.187299999999999756e+01
4.048450000000000273e+02
1.936440000000000055e+02
5.044400000000000261e+01
1.663321000000000140e+03
1.740070000000000050e+02
1.789446000000000140e+03
3.476229999999999905e+02
8.340399999999999636e+01
4.930480000000000018e+02
1.441500000000000092e+01
2.723900000000000077e+01
1.659172000000000025e+03
2.929619999999999891e+02
3.485310000000000059e+02
1.018659999999999997e+02
2.510450000000000159e+02
9.343399999999999750e+01
6.412000000000000455e+01
1.036120000000000090e+02
6.250890000000000555e+02
2.971360000000000241e+02
4.127440000000000282e+02
1.962959999999999923e+02
2.288710000000000093e+02
1.319052000000000135e+03
2.034809999999999945e+02
1.291040000000000134e+02
1.074300000000000033e+01
3.556499999999999773e+01
1.657100000000000151e+01
9.654160000000000537e+02
9.025199999999999534e+01
7.993400000000000318e+02
1.459399999999999942e+01
7.130299999999999727e+01
3.752499999999999858e+01
1.858789999999999907e+02
1.109110000000000014e+02
4.442330000000000041e+02
4.877139999999999986e+02
6.342500000000000426e+01
2.748199999999999932e+02
6.913540000000000418e+02
4.904290000000000305e+02
7.965720000000000027e+02
6.600600000000000023e+01
1.005210000000000008e+02
1.118095000000000027e+03
7.824599999999999511e+01
2.541970000000000027e+02
3.078399999999999892e+01
2.856539999999999964e+02
4.517800000000000438e+01
1.998400000000000176e+01
2.298130000000000166e+02
4.633029999999999973e+02
2.940020000000000095e+02
8.796000000000000796e+01
4.842529999999999859e+02
2.373600000000000065e+01
8.819500000000000739e+01
4.654410000000000309e+02
5.646000000000000085e+01
1.744535000000000082e+03
2.087379999999999995e+02
9.616400000000000148e+01
1.229570000000000078e+02
1.509370000000000118e+02
7.015699999999999648e+01
1.867839999999999918e+02
2.040000000000000213e+01
2.316409999999999911e+02
1.052729999999999961e+02
8.622010000000000218e+02
2.394430000000000121e+02
4.518699999999999761e+01
2.709100000000000108e+01
3.402210000000000036e+02
1.468688000000000102e+03
7.901099999999999568e+01
1.381375999999999976e+03
1.201779999999999973e+02
5.006159999999999854e+02
1.578821000000000140e+03
5.525099999999999767e+01
8.842400000000000659e+01
1.045049999999999955e+02
4.012359999999999900e+02
1.793599999999999994e+01
1.410600000000000023e+02
1.377410000000000139e+02
1.170700000000000074e+01
1.552100000000000080e+02
7.290399999999999636e+01
1.378990000000000009e+02
9.135300000000000864e+01
1.591000000000000014e+01
6.503310000000000173e+02
6.089399999999999835e+01
2.869139999999999873e+02
1.338979999999999961e+02
4.800200000000000244e+01
4.207280000000000086e+02
2.349250000000000114e+02
1.174663000000000011e+03
1.312730999999999995e+03
2.723740000000000236e+02
3.988290000000000077e+02
3.474699999999999989e+01
3.262930000000000064e+02
9.779999999999999361e+00
6.626200000000000045e+01
5.947299999999999898e+01
3.145489999999999782e+02
2.521550000000000011e+02
3.382099999999999795e+01
8.964499999999999602e+01
5.460650000000000546e+02
4.052700000000000102e+01
1.326185999999999922e+03
1.370440000000000111e+02
3.189900000000000091e+01
2.176800000000000068e+01
4.319500000000000028e+01
4.812500000000000000e+01
1.718100000000000094e+01
2.687330000000000041e+02
4.376070000000000277e+02
4.148589999999999804e+02
8.997340000000000373e+02
1.689864000000000033e+03
1.551260000000000048e+02
2.149840000000000089e+02
9.011899999999999977e+01
2.689870000000000232e+02
6.821999999999999886e+01
7.757500000000000284e+01
7.581199999999999761e+01
4.275699999999999790e+01
8.636799999999999500e+01
2.924200000000000088e+01
2.593919999999999959e+02
2.812280000000000086e+02
5.350370000000000346e+02
1.392562000000000126e+03
6.173609999999999900e+02
2.173720000000000141e+02
1.548750000000000000e+02
3.625399999999999778e+01
9.416000000000000369e+00
3.823900000000000432e+01
1.322990000000000066e+02
4.804390000000000214e+02
1.479225000000000136e+03
6.406900000000000261e+01
3.840400000000000347e+01
1.079090000000000060e+02
2.770980000000000132e+02
2.063899999999999935e+01
1.879200000000000159e+02
4.227900000000000347e+01
1.338629999999999995e+02
8.009289999999999736e+02
2.487050000000000125e+02
4.070950000000000273e+02
3.757549999999999955e+02
2.547369999999999948e+02
5.050300000000000011e+01
2.555430000000000064e+02
2.460889999999999986e+02
6.706250000000000000e+02
6.373700000000000188e+01
5.968740000000000236e+02
2.946689999999999827e+02
3.566759999999999877e+02
1.027958000000000084e+03
2.533200000000000074e+01
3.529700000000000415e+01
1.423600000000000136e+02
4.578000000000000114e+01
1.300579999999999927e+02
1.388969999999999914e+02
1.296589999999999918e+02
1.477259999999999991e+02
1.983770000000000095e+02
3.548480000000000132e+02
