# lp/w = 1.5
# Pf/Ps = 0.25
# G = 1.0
# target = -10.0
# success rate = 100.0
1.493599999999999994e+01
1.971000000000000085e+01
3.849099999999999966e+01
2.374099999999999966e+01
2.408800000000000097e+01
2.813100000000000023e+01
1.264000000000000057e+01
2.471600000000000108e+01
1.548799999999999955e+01
7.727000000000000313e+00
3.323899999999999721e+01
2.084799999999999898e+01
2.873799999999999955e+01
1.609900000000000020e+01
2.883999999999999986e+01
1.049699999999999989e+01
3.061299999999999955e+01
1.215200000000000102e+01
1.952200000000000202e+01
1.318900000000000006e+01
1.443200000000000038e+01
2.279899999999999949e+01
1.282500000000000107e+01
1.776399999999999935e+01
5.506400000000000006e+01
1.485299999999999976e+01
2.279400000000000048e+01
1.100500000000000078e+01
2.987800000000000011e+01
2.605300000000000082e+01
9.343999999999999417e+00
3.206400000000000006e+01
1.445500000000000007e+01
1.565300000000000047e+01
1.171400000000000041e+01
1.878300000000000125e+01
3.048300000000000054e+01
3.060099999999999909e+01
3.222100000000000364e+01
5.311500000000000199e+01
2.269500000000000028e+01
1.332300000000000040e+01
1.617500000000000071e+01
2.247400000000000020e+01
1.005400000000000027e+01
1.230199999999999960e+01
1.168299999999999983e+01
1.132300000000000040e+01
1.219200000000000017e+01
1.277700000000000102e+01
1.721499999999999986e+01
1.470000000000000107e+01
3.570100000000000051e+01
9.580999999999999517e+00
2.560800000000000054e+01
1.240600000000000058e+01
3.130000000000000071e+01
2.967200000000000060e+01
1.157000000000000028e+01
1.276900000000000013e+01
1.722200000000000131e+01
1.959700000000000131e+01
3.203099999999999881e+01
1.235299999999999976e+01
1.590799999999999947e+01
1.087000000000000099e+01
1.693499999999999872e+01
1.811800000000000210e+01
1.705000000000000071e+01
3.112699999999999889e+01
1.259699999999999953e+01
2.429400000000000048e+01
2.078000000000000114e+01
1.632499999999999929e+01
1.846399999999999864e+01
4.280599999999999739e+01
2.643400000000000105e+01
1.204599999999999937e+01
2.898100000000000165e+01
3.159400000000000119e+01
1.180799999999999983e+01
3.270900000000000318e+01
2.018799999999999883e+01
1.413199999999999967e+01
1.755199999999999960e+01
2.201800000000000068e+01
1.773400000000000176e+01
1.125099999999999945e+01
1.242600000000000016e+01
1.169100000000000072e+01
1.567800000000000082e+01
2.606899999999999906e+01
4.117399999999999949e+01
1.398700000000000010e+01
1.658800000000000097e+01
2.979299999999999926e+01
2.488599999999999923e+01
1.779500000000000171e+01
2.854200000000000159e+01
3.268999999999999773e+01
2.894699999999999918e+01
1.134600000000000009e+01
2.892800000000000082e+01
1.002100000000000080e+01
4.107000000000000028e+01
3.829200000000000159e+01
3.301100000000000279e+01
2.742900000000000205e+01
2.642200000000000060e+01
1.366600000000000037e+01
3.516100000000000136e+01
1.635099999999999909e+01
4.687500000000000000e+01
1.886100000000000065e+01
2.365599999999999881e+01
1.342600000000000016e+01
5.183700000000000330e+01
3.600999999999999801e+01
1.636700000000000088e+01
1.181499999999999950e+01
2.347700000000000031e+01
1.570599999999999952e+01
2.003900000000000148e+01
2.236299999999999955e+01
3.783700000000000330e+01
1.912500000000000000e+01
2.339700000000000202e+01
1.634199999999999875e+01
1.778699999999999903e+01
5.341100000000000136e+01
1.754800000000000182e+01
2.242099999999999937e+01
3.546999999999999886e+01
3.544700000000000273e+01
1.579700000000000060e+01
3.984900000000000375e+01
1.230000000000000071e+01
1.292100000000000115e+01
2.417800000000000082e+01
1.398900000000000077e+01
1.668199999999999861e+01
1.833200000000000074e+01
1.298600000000000065e+01
1.897100000000000009e+01
9.654200000000000159e+01
3.372100000000000364e+01
1.288900000000000112e+01
1.490900000000000070e+01
1.426100000000000101e+01
1.409200000000000053e+01
1.595199999999999996e+01
1.018599999999999994e+01
3.094200000000000017e+01
4.645700000000000074e+01
1.204700000000000060e+01
3.458599999999999852e+01
1.278299999999999947e+01
3.132100000000000151e+01
3.020899999999999963e+01
3.181200000000000117e+01
1.856200000000000117e+01
8.750000000000000000e+00
1.119400000000000084e+01
1.052700000000000102e+01
1.480000000000000071e+01
1.439199999999999946e+01
2.395299999999999940e+01
1.311400000000000077e+01
9.894999999999999574e+00
2.026300000000000168e+01
3.349900000000000233e+01
1.296600000000000108e+01
2.637699999999999889e+01
1.268699999999999939e+01
4.067500000000000426e+01
1.137800000000000011e+01
3.090800000000000125e+01
1.254199999999999982e+01
1.574099999999999966e+01
2.604500000000000171e+01
2.130499999999999972e+01
2.295100000000000051e+01
2.424399999999999977e+01
1.682100000000000151e+01
1.150300000000000011e+01
2.027500000000000213e+01
2.010600000000000165e+01
2.577200000000000202e+01
1.778399999999999892e+01
1.185400000000000098e+01
5.024099999999999966e+01
2.453099999999999881e+01
1.576100000000000101e+01
1.585599999999999987e+01
2.026800000000000068e+01
1.405900000000000105e+01
1.355700000000000038e+01
1.785900000000000176e+01
1.736899999999999977e+01
3.123400000000000176e+01
5.009700000000000131e+01
1.183300000000000018e+01
2.233399999999999963e+01
1.544700000000000095e+01
2.200600000000000023e+01
1.918599999999999994e+01
1.481799999999999962e+01
2.394000000000000128e+01
3.960600000000000165e+01
1.920299999999999940e+01
2.654899999999999949e+01
2.489600000000000080e+01
1.514600000000000080e+01
2.796600000000000108e+01
3.083500000000000085e+01
9.954000000000000625e+00
1.531499999999999950e+01
1.002599999999999980e+01
2.102799999999999869e+01
9.122299999999999898e+01
1.331799999999999962e+01
1.166300000000000026e+01
1.069299999999999962e+01
3.759100000000000108e+01
1.104700000000000060e+01
2.159400000000000119e+01
1.660999999999999943e+01
3.483299999999999841e+01
1.298900000000000077e+01
1.578500000000000014e+01
2.122500000000000142e+01
1.222300000000000075e+01
2.262600000000000122e+01
1.220100000000000051e+01
1.801099999999999923e+01
3.320300000000000296e+01
3.355799999999999983e+01
3.060200000000000031e+01
3.597800000000000153e+01
1.861400000000000077e+01
1.453500000000000014e+01
3.635200000000000387e+01
1.353700000000000081e+01
2.402200000000000202e+01
2.625199999999999889e+01
2.937900000000000134e+01
2.231800000000000139e+01
1.042500000000000071e+01
6.311700000000000443e+01
1.119299999999999962e+01
1.641400000000000148e+01
2.374099999999999966e+01
2.911200000000000188e+01
2.736400000000000077e+01
1.171000000000000085e+01
2.476000000000000156e+01
2.398600000000000065e+01
3.094999999999999929e+01
2.225400000000000134e+01
2.798000000000000043e+01
1.965000000000000213e+01
1.008600000000000030e+01
2.211700000000000088e+01
2.077500000000000213e+01
1.287700000000000067e+01
1.722299999999999898e+01
1.733500000000000085e+01
4.690700000000000358e+01
2.005999999999999872e+01
2.390700000000000003e+01
3.205599999999999739e+01
2.813700000000000045e+01
2.253999999999999915e+01
1.023799999999999955e+01
4.750900000000000034e+01
8.955000000000000071e+00
1.931200000000000117e+01
1.879899999999999949e+01
1.422300000000000075e+01
3.320700000000000074e+01
1.908399999999999963e+01
1.087000000000000099e+01
4.076700000000000301e+01
7.872899999999999920e+01
1.430100000000000016e+01
2.715200000000000102e+01
2.561200000000000188e+01
1.877700000000000102e+01
1.915700000000000003e+01
1.422799999999999976e+01
1.885999999999999943e+01
1.083099999999999952e+01
2.565899999999999892e+01
1.142600000000000016e+01
2.911200000000000188e+01
1.893700000000000117e+01
1.272000000000000064e+01
1.510999999999999943e+01
1.592800000000000082e+01
2.660099999999999909e+01
2.296699999999999875e+01
1.640700000000000003e+01
9.425000000000000711e+00
3.367300000000000182e+01
5.188300000000000267e+01
2.466600000000000037e+01
1.100099999999999945e+01
2.022100000000000009e+01
3.418399999999999750e+01
1.612199999999999989e+01
2.770800000000000196e+01
1.336800000000000033e+01
1.682000000000000028e+01
1.460299999999999976e+01
2.730600000000000094e+01
2.213400000000000034e+01
5.065500000000000114e+01
2.048600000000000065e+01
2.688100000000000023e+01
3.348000000000000398e+01
1.516699999999999982e+01
4.947700000000000387e+01
1.765500000000000114e+01
1.685699999999999932e+01
1.531200000000000117e+01
2.237699999999999889e+01
3.913600000000000279e+01
1.109100000000000108e+01
1.297799999999999976e+01
1.794399999999999906e+01
1.622700000000000031e+01
5.042099999999999937e+01
2.859600000000000009e+01
1.434200000000000053e+01
4.000000000000000000e+01
3.017900000000000205e+01
1.529300000000000104e+01
2.723600000000000065e+01
1.169899999999999984e+01
1.417800000000000082e+01
1.203299999999999947e+01
1.726200000000000045e+01
2.440800000000000125e+01
1.104400000000000048e+01
2.225400000000000134e+01
1.302200000000000024e+01
2.599899999999999878e+01
1.405400000000000027e+01
1.070100000000000051e+01
2.409700000000000131e+01
1.605199999999999960e+01
3.107199999999999918e+01
2.146999999999999886e+01
3.502100000000000080e+01
1.771199999999999974e+01
1.926600000000000179e+01
1.456600000000000072e+01
2.611700000000000088e+01
2.451099999999999923e+01
1.561000000000000121e+01
2.258300000000000196e+01
1.490700000000000003e+01
2.154599999999999937e+01
1.929700000000000060e+01
2.349300000000000210e+01
1.029199999999999982e+01
2.375199999999999889e+01
2.142600000000000193e+01
5.168100000000000449e+01
3.223600000000000421e+01
2.365500000000000114e+01
3.974199999999999733e+01
1.642399999999999949e+01
1.543500000000000050e+01
1.765200000000000102e+01
1.770700000000000074e+01
1.406799999999999962e+01
1.110700000000000109e+01
2.349500000000000099e+01
2.574800000000000111e+01
1.544299999999999962e+01
1.774699999999999989e+01
7.497299999999999898e+01
1.046700000000000053e+01
2.113299999999999912e+01
1.826200000000000045e+01
4.375900000000000034e+01
1.990700000000000003e+01
1.181000000000000050e+01
1.350500000000000078e+01
2.199500000000000099e+01
1.951099999999999923e+01
1.747400000000000020e+01
2.313800000000000168e+01
3.833899999999999864e+01
1.736599999999999966e+01
2.309799999999999898e+01
2.110600000000000165e+01
1.255900000000000105e+01
2.415000000000000213e+01
1.162100000000000044e+01
1.185700000000000109e+01
4.443200000000000216e+01
1.250099999999999945e+01
2.925700000000000145e+01
1.566500000000000092e+01
2.066300000000000026e+01
1.196300000000000097e+01
2.671900000000000119e+01
1.614000000000000057e+01
2.591000000000000014e+01
2.266300000000000026e+01
1.331900000000000084e+01
2.259700000000000131e+01
1.764600000000000080e+01
1.035800000000000054e+01
1.414100000000000001e+01
9.766999999999999460e+00
3.079700000000000060e+01
1.201400000000000112e+01
1.383099999999999952e+01
1.450500000000000078e+01
1.313700000000000045e+01
1.345800000000000018e+01
1.805300000000000082e+01
1.575000000000000000e+01
1.862900000000000134e+01
2.376900000000000190e+01
1.587700000000000067e+01
1.881500000000000128e+01
1.261800000000000033e+01
1.281099999999999994e+01
1.202299999999999969e+01
1.784400000000000119e+01
1.506600000000000072e+01
1.930700000000000216e+01
9.532000000000000028e+00
1.681099999999999994e+01
1.015099999999999980e+01
3.575300000000000011e+01
1.627799999999999869e+01
1.633699999999999974e+01
1.617699999999999960e+01
2.418700000000000117e+01
1.293100000000000094e+01
1.815700000000000003e+01
1.273900000000000077e+01
1.058099999999999952e+01
2.371600000000000108e+01
2.167800000000000082e+01
4.759300000000000352e+01
5.241799999999999926e+01
1.123700000000000010e+01
2.382199999999999918e+01
3.746200000000000330e+01
1.141699999999999982e+01
2.088800000000000168e+01
1.487500000000000000e+01
2.897700000000000031e+01
1.485700000000000109e+01
2.152400000000000091e+01
2.325000000000000000e+01
1.195700000000000074e+01
1.119500000000000028e+01
1.092200000000000060e+01
1.473000000000000043e+01
1.083200000000000074e+01
2.188200000000000145e+01
1.189900000000000091e+01
2.353999999999999915e+01
6.321200000000000330e+01
2.941199999999999903e+01
1.616499999999999915e+01
3.950399999999999778e+01
1.142099999999999937e+01
2.383300000000000196e+01
2.800300000000000011e+01
1.139499999999999957e+01
1.907300000000000040e+01
1.590099999999999980e+01
2.703000000000000114e+01
1.131700000000000017e+01
1.606400000000000006e+01
1.782199999999999918e+01
2.208300000000000196e+01
1.313100000000000023e+01
2.019999999999999929e+01
1.888100000000000023e+01
2.168900000000000006e+01
1.931599999999999895e+01
2.750400000000000134e+01
2.518100000000000094e+01
3.274000000000000199e+01
1.484600000000000009e+01
1.012299999999999933e+01
1.477700000000000102e+01
1.137500000000000000e+01
1.358999999999999986e+01
1.721300000000000097e+01
3.047400000000000020e+01
2.111700000000000088e+01
2.998300000000000054e+01
5.372599999999999909e+01
3.963900000000000290e+01
1.681200000000000117e+01
1.414799999999999969e+01
1.159299999999999997e+01
1.615800000000000125e+01
1.541600000000000037e+01
1.634299999999999997e+01
2.590300000000000225e+01
1.154599999999999937e+01
1.395800000000000018e+01
1.341699999999999982e+01
1.354000000000000092e+01
1.490600000000000058e+01
3.206400000000000006e+01
1.898199999999999932e+01
3.273100000000000165e+01
2.591300000000000026e+01
1.311400000000000077e+01
4.478200000000000358e+01
2.715099999999999980e+01
1.758699999999999974e+01
4.526899999999999835e+01
1.414700000000000024e+01
2.989100000000000179e+01
3.818999999999999773e+01
1.385200000000000031e+01
1.785999999999999943e+01
2.148400000000000176e+01
3.389800000000000324e+01
1.749899999999999878e+01
1.211299999999999955e+01
3.934799999999999898e+01
1.413100000000000023e+01
1.371000000000000085e+01
1.085200000000000031e+01
1.166600000000000037e+01
2.536800000000000210e+01
2.633699999999999974e+01
1.242300000000000004e+01
2.661100000000000065e+01
2.650199999999999889e+01
1.154800000000000004e+01
2.166600000000000037e+01
1.089799999999999969e+01
9.451600000000000534e+01
1.843799999999999883e+01
2.056899999999999906e+01
2.228999999999999915e+01
1.805400000000000205e+01
6.860599999999999454e+01
1.365399999999999991e+01
9.641000000000000014e+00
1.338799999999999990e+01
3.853999999999999915e+01
2.667600000000000193e+01
3.654599999999999937e+01
1.966400000000000148e+01
2.927800000000000225e+01
2.050000000000000000e+01
1.331400000000000006e+01
1.125300000000000011e+01
2.905499999999999972e+01
3.734000000000000341e+01
1.909600000000000009e+01
3.454599999999999937e+01
3.096000000000000085e+01
4.273499999999999943e+01
1.757499999999999929e+01
1.080900000000000105e+01
1.812199999999999989e+01
1.282600000000000051e+01
2.660800000000000054e+01
3.561200000000000188e+01
1.622700000000000031e+01
1.944900000000000162e+01
3.849399999999999977e+01
2.350799999999999912e+01
2.880499999999999972e+01
1.812699999999999889e+01
2.252899999999999991e+01
2.776900000000000190e+01
2.383600000000000207e+01
2.812500000000000000e+01
1.150800000000000090e+01
3.361899999999999977e+01
2.078699999999999903e+01
2.524899999999999878e+01
1.505799999999999983e+01
1.652200000000000202e+01
2.565599999999999881e+01
1.811200000000000188e+01
1.305199999999999960e+01
2.072200000000000131e+01
1.575800000000000090e+01
4.847500000000000142e+01
1.897899999999999920e+01
2.654100000000000037e+01
2.861200000000000188e+01
3.126500000000000057e+01
2.877299999999999969e+01
2.225199999999999889e+01
1.481099999999999994e+01
1.412700000000000067e+01
1.435100000000000087e+01
1.042200000000000060e+01
3.110600000000000165e+01
2.248400000000000176e+01
2.066199999999999903e+01
1.807600000000000051e+01
2.045599999999999952e+01
2.150799999999999912e+01
1.278200000000000003e+01
3.114000000000000057e+01
2.736400000000000077e+01
1.385200000000000031e+01
1.143599999999999994e+01
9.791999999999999815e+00
1.148399999999999999e+01
1.103100000000000058e+01
1.375000000000000000e+01
3.143200000000000216e+01
1.409999999999999964e+01
2.387199999999999989e+01
3.523000000000000398e+01
1.372000000000000064e+01
1.773700000000000188e+01
3.814900000000000091e+01
3.082300000000000040e+01
1.343800000000000061e+01
1.823600000000000065e+01
1.391000000000000014e+01
1.415200000000000102e+01
2.079400000000000048e+01
6.108100000000000307e+01
1.234399999999999942e+01
3.238499999999999801e+01
1.001600000000000001e+01
2.085600000000000165e+01
2.858000000000000185e+01
2.662400000000000233e+01
1.389600000000000080e+01
2.447500000000000142e+01
1.755000000000000071e+01
1.404000000000000092e+01
1.418599999999999994e+01
1.422499999999999964e+01
2.176800000000000068e+01
2.595100000000000051e+01
4.565700000000000358e+01
1.428700000000000081e+01
5.382200000000000273e+01
1.947500000000000142e+01
1.622400000000000020e+01
3.133099999999999952e+01
2.757400000000000162e+01
1.083099999999999952e+01
2.127500000000000213e+01
2.189799999999999969e+01
2.428500000000000014e+01
2.087900000000000134e+01
1.832000000000000028e+01
1.770400000000000063e+01
1.172199999999999953e+01
3.218099999999999739e+01
3.061800000000000210e+01
1.842099999999999937e+01
2.360200000000000031e+01
1.761899999999999977e+01
2.072700000000000031e+01
1.708099999999999952e+01
2.311599999999999966e+01
3.384400000000000119e+01
3.430899999999999750e+01
1.888100000000000023e+01
2.247500000000000142e+01
1.632600000000000051e+01
3.284100000000000108e+01
1.295100000000000051e+01
1.868599999999999994e+01
1.140700000000000003e+01
2.622899999999999920e+01
4.234499999999999886e+01
2.619999999999999929e+01
1.367300000000000004e+01
3.457099999999999795e+01
1.417399999999999949e+01
4.820199999999999818e+01
1.183200000000000074e+01
2.030000000000000071e+01
1.180700000000000038e+01
1.721499999999999986e+01
1.991300000000000026e+01
2.559900000000000020e+01
2.150600000000000023e+01
1.941499999999999915e+01
1.814300000000000068e+01
2.239100000000000179e+01
2.103300000000000125e+01
1.635200000000000031e+01
1.739600000000000080e+01
1.160999999999999943e+01
1.268100000000000094e+01
3.053300000000000125e+01
4.679500000000000171e+01
5.616700000000000159e+01
1.825700000000000145e+01
1.349300000000000033e+01
1.731599999999999895e+01
1.374000000000000021e+01
1.405799999999999983e+01
1.282099999999999973e+01
1.551400000000000112e+01
1.296499999999999986e+01
1.176600000000000001e+01
1.728999999999999915e+01
1.380799999999999983e+01
1.442600000000000016e+01
1.259600000000000009e+01
3.624499999999999744e+01
1.831400000000000006e+01
3.579100000000000392e+01
3.005499999999999972e+01
4.014500000000000313e+01
2.596400000000000219e+01
1.526999999999999957e+01
1.327400000000000091e+01
2.354200000000000159e+01
3.150900000000000034e+01
2.383099999999999952e+01
1.369899999999999984e+01
1.317999999999999972e+01
1.427500000000000036e+01
2.897200000000000131e+01
1.393500000000000050e+01
3.956099999999999994e+01
1.394500000000000028e+01
2.536400000000000077e+01
2.044699999999999918e+01
4.497100000000000364e+01
3.230100000000000193e+01
3.969100000000000250e+01
2.699699999999999989e+01
1.755000000000000071e+01
1.946499999999999986e+01
2.549699999999999989e+01
2.665700000000000003e+01
2.342399999999999949e+01
2.310399999999999920e+01
2.563100000000000023e+01
1.337500000000000000e+01
1.016300000000000026e+01
2.937800000000000011e+01
9.852000000000000313e+00
1.747100000000000009e+01
2.718500000000000227e+01
2.352400000000000091e+01
2.005300000000000082e+01
1.907799999999999940e+01
2.038700000000000045e+01
1.762500000000000000e+01
2.611800000000000210e+01
5.883599999999999852e+01
1.183300000000000018e+01
1.549000000000000021e+01
2.012999999999999901e+01
1.692600000000000193e+01
4.678600000000000136e+01
1.075099999999999945e+01
3.442000000000000171e+01
3.462899999999999778e+01
1.516200000000000081e+01
1.037599999999999945e+01
1.429100000000000037e+01
1.232300000000000040e+01
3.918099999999999739e+01
4.724499999999999744e+01
2.872899999999999920e+01
2.178699999999999903e+01
3.570100000000000051e+01
2.891700000000000159e+01
1.131900000000000084e+01
2.413800000000000168e+01
2.498300000000000054e+01
1.289799999999999969e+01
1.536700000000000088e+01
2.403000000000000114e+01
3.263600000000000279e+01
1.737999999999999901e+01
2.219000000000000128e+01
4.216000000000000369e+01
1.256199999999999939e+01
1.381900000000000084e+01
1.241200000000000081e+01
1.002400000000000091e+01
1.726500000000000057e+01
1.303400000000000070e+01
3.575800000000000267e+01
1.970500000000000185e+01
1.577599999999999980e+01
1.117999999999999972e+01
1.145000000000000107e+01
1.477299999999999969e+01
3.815100000000000335e+01
1.503500000000000014e+01
2.698100000000000165e+01
1.668299999999999983e+01
1.154300000000000104e+01
2.223700000000000188e+01
2.831200000000000117e+01
2.191700000000000159e+01
1.352400000000000091e+01
1.178100000000000058e+01
1.914700000000000202e+01
1.877299999999999969e+01
1.355900000000000105e+01
1.205900000000000105e+01
1.853699999999999903e+01
9.628499999999999659e+01
2.934900000000000020e+01
2.348499999999999943e+01
1.545300000000000118e+01
1.187899999999999956e+01
1.429700000000000060e+01
2.451999999999999957e+01
1.435599999999999987e+01
1.668900000000000006e+01
1.136100000000000065e+01
2.122899999999999920e+01
2.794900000000000162e+01
1.045500000000000007e+01
2.694600000000000151e+01
1.448300000000000054e+01
2.985999999999999943e+01
2.519099999999999895e+01
1.667000000000000171e+01
1.813899999999999935e+01
3.700399999999999778e+01
2.730499999999999972e+01
2.370599999999999952e+01
3.011200000000000188e+01
2.675499999999999901e+01
1.189900000000000091e+01
3.622200000000000131e+01
1.597400000000000020e+01
2.506700000000000017e+01
1.000500000000000078e+01
1.286400000000000077e+01
1.768700000000000117e+01
3.308899999999999864e+01
1.648100000000000165e+01
1.517200000000000060e+01
1.156300000000000061e+01
1.596799999999999997e+01
2.459499999999999886e+01
1.460100000000000087e+01
2.393500000000000227e+01
2.752299999999999969e+01
2.221000000000000085e+01
1.646799999999999997e+01
2.538700000000000045e+01
3.027899999999999991e+01
1.191800000000000104e+01
1.445899999999999963e+01
1.842399999999999949e+01
1.943599999999999994e+01
3.076699999999999946e+01
1.787099999999999866e+01
2.394500000000000028e+01
1.334500000000000064e+01
2.010800000000000054e+01
2.494600000000000151e+01
2.992699999999999960e+01
1.500999999999999979e+01
3.514200000000000301e+01
1.329199999999999982e+01
1.273900000000000077e+01
1.720599999999999952e+01
2.928399999999999892e+01
1.591099999999999959e+01
2.430900000000000105e+01
1.276299999999999990e+01
1.466300000000000026e+01
1.064199999999999946e+01
3.351500000000000057e+01
1.075999999999999979e+01
3.486699999999999733e+01
1.805000000000000071e+01
3.292000000000000171e+01
2.001399999999999935e+01
2.324399999999999977e+01
1.943900000000000006e+01
2.085399999999999920e+01
4.630700000000000216e+01
2.236800000000000210e+01
1.225999999999999979e+01
1.358900000000000041e+01
1.067500000000000071e+01
1.472499999999999964e+01
3.481600000000000250e+01
1.325500000000000078e+01
9.572000000000000952e+00
1.180700000000000038e+01
3.579500000000000171e+01
1.566000000000000014e+01
1.575300000000000011e+01
1.960099999999999909e+01
1.516699999999999982e+01
1.917900000000000205e+01
2.126600000000000179e+01
1.402700000000000102e+01
2.205999999999999872e+01
2.951099999999999923e+01
2.882199999999999918e+01
2.153699999999999903e+01
1.758200000000000074e+01
1.343500000000000050e+01
2.392500000000000071e+01
1.750600000000000023e+01
4.316799999999999926e+01
1.663400000000000034e+01
1.957100000000000151e+01
2.130300000000000082e+01
2.879500000000000171e+01
1.016500000000000092e+01
1.760399999999999920e+01
2.104299999999999926e+01
3.172400000000000020e+01
1.084900000000000020e+01
2.124200000000000088e+01
3.889399999999999835e+01
1.912800000000000011e+01
1.739700000000000202e+01
3.553300000000000125e+01
1.638400000000000034e+01
1.986100000000000065e+01
1.409200000000000053e+01
1.752799999999999869e+01
1.715399999999999991e+01
3.386500000000000199e+01
4.320900000000000318e+01
1.303200000000000003e+01
1.870299999999999940e+01
2.249399999999999977e+01
1.170000000000000107e+01
1.166600000000000037e+01
1.930400000000000205e+01
3.658299999999999841e+01
3.304400000000000404e+01
1.242699999999999960e+01
1.438300000000000090e+01
1.391699999999999982e+01
3.086700000000000088e+01
1.755600000000000094e+01
1.882300000000000040e+01
7.532699999999999818e+01
1.466399999999999970e+01
2.065299999999999869e+01
1.262700000000000067e+01
3.175199999999999889e+01
1.408200000000000074e+01
3.073300000000000054e+01
1.028800000000000026e+01
1.186899999999999977e+01
3.376500000000000057e+01
1.057699999999999996e+01
1.617200000000000060e+01
3.134400000000000119e+01
7.264499999999999602e+01
1.751900000000000190e+01
3.784100000000000108e+01
1.900600000000000023e+01
2.041700000000000159e+01
1.057900000000000063e+01
2.844999999999999929e+01
1.252400000000000091e+01
2.108600000000000207e+01
2.209600000000000009e+01
1.006600000000000072e+01
3.689000000000000057e+01
2.010800000000000054e+01
1.071899999999999942e+01
1.120000000000000107e+01
4.365599999999999881e+01
1.462100000000000044e+01
2.419600000000000151e+01
4.406099999999999994e+01
2.032499999999999929e+01
1.654200000000000159e+01
1.781299999999999883e+01
2.947100000000000009e+01
4.265899999999999892e+01
4.429700000000000415e+01
1.840599999999999881e+01
3.309000000000000341e+01
1.885699999999999932e+01
1.759499999999999886e+01
1.566300000000000026e+01
1.352700000000000102e+01
2.277700000000000102e+01
1.969300000000000139e+01
1.532600000000000051e+01
1.346400000000000041e+01
2.564600000000000080e+01
1.474600000000000044e+01
1.320400000000000063e+01
1.234999999999999964e+01
2.057400000000000162e+01
1.060999999999999943e+01
1.427800000000000047e+01
1.629800000000000182e+01
1.783000000000000185e+01
2.018400000000000105e+01
1.827200000000000202e+01
1.332300000000000040e+01
1.010400000000000098e+01
1.481700000000000017e+01
1.527599999999999980e+01
1.076900000000000013e+01
2.376500000000000057e+01
5.341100000000000136e+01
1.704700000000000060e+01
1.710800000000000054e+01
3.091000000000000014e+01
2.198600000000000065e+01
1.567699999999999960e+01
1.715000000000000213e+01
1.175900000000000034e+01
1.760900000000000176e+01
1.118100000000000094e+01
1.632499999999999929e+01
1.482099999999999973e+01
2.402899999999999991e+01
4.290100000000000335e+01
1.656599999999999895e+01
3.676400000000000290e+01
1.526200000000000045e+01
1.905199999999999960e+01
1.638400000000000034e+01
3.367099999999999937e+01
1.261400000000000077e+01
1.678300000000000125e+01
1.660600000000000165e+01
1.413300000000000090e+01
1.411200000000000010e+01
6.994400000000000261e+01
1.363000000000000078e+01
1.598000000000000043e+01
1.579700000000000060e+01
3.610600000000000165e+01
3.632800000000000296e+01
1.811599999999999966e+01
1.559400000000000119e+01
1.731800000000000139e+01
1.361700000000000088e+01
1.247799999999999976e+01
4.231499999999999773e+01
1.436200000000000010e+01
1.171700000000000053e+01
3.002400000000000091e+01
2.242200000000000060e+01
9.397999999999999687e+00
4.741600000000000392e+01
1.300000000000000000e+01
3.250099999999999767e+01
1.132099999999999973e+01
3.909400000000000119e+01
3.683299999999999841e+01
2.090299999999999869e+01
1.163600000000000101e+01
1.483999999999999986e+01
1.720200000000000173e+01
1.045700000000000074e+01
8.992000000000000881e+00
1.741499999999999915e+01
1.191000000000000014e+01
2.169800000000000040e+01
1.662500000000000000e+01
2.059600000000000009e+01
2.516700000000000159e+01
2.003500000000000014e+01
3.440500000000000114e+01
2.727800000000000225e+01
1.210200000000000031e+01
2.259600000000000009e+01
3.331600000000000250e+01
1.429800000000000004e+01
2.238100000000000023e+01
3.007700000000000173e+01
1.837000000000000099e+01
1.397199999999999953e+01
5.779599999999999937e+01
1.338499999999999979e+01
1.647200000000000131e+01
2.236599999999999966e+01
1.659499999999999886e+01
2.494800000000000040e+01
2.297700000000000031e+01
1.970700000000000074e+01
1.873700000000000188e+01
2.947200000000000131e+01
1.186800000000000033e+01
2.534400000000000119e+01
1.059699999999999953e+01
3.417900000000000205e+01
4.090700000000000358e+01
1.665599999999999881e+01
2.803800000000000026e+01
3.337500000000000000e+01
2.337600000000000122e+01
2.148100000000000165e+01
3.542500000000000426e+01
2.555300000000000082e+01
3.632500000000000284e+01
2.412699999999999889e+01
1.723700000000000188e+01
1.875400000000000134e+01
2.596799999999999997e+01
1.685099999999999909e+01
1.521600000000000108e+01
2.405199999999999960e+01
4.277700000000000102e+01
1.783699999999999974e+01
2.540899999999999892e+01
4.560300000000000153e+01
1.511700000000000088e+01
1.493200000000000038e+01
1.718900000000000006e+01
1.166399999999999970e+01
1.408500000000000085e+01
1.384900000000000020e+01
4.419500000000000028e+01
1.392900000000000027e+01
1.981800000000000139e+01
3.707399999999999807e+01
1.373099999999999987e+01
2.761700000000000088e+01
1.184999999999999964e+01
2.908600000000000207e+01
1.725300000000000011e+01
2.201699999999999946e+01
1.501100000000000101e+01
1.225099999999999945e+01
1.398300000000000054e+01
1.332200000000000095e+01
1.760800000000000054e+01
1.704500000000000171e+01
4.007800000000000296e+01
2.155100000000000193e+01
4.736899999999999977e+01
1.848100000000000165e+01
1.766000000000000014e+01
4.820199999999999818e+01
1.587100000000000044e+01
1.928399999999999892e+01
2.078399999999999892e+01
2.672500000000000142e+01
1.652400000000000091e+01
1.460899999999999999e+01
3.019699999999999918e+01
1.822700000000000031e+01
1.407500000000000107e+01
5.911700000000000443e+01
3.299000000000000199e+01
3.632200000000000273e+01
1.144899999999999984e+01
4.730000000000000426e+01
1.344899999999999984e+01
8.099800000000000466e+01
1.876099999999999923e+01
1.651800000000000068e+01
2.248300000000000054e+01
3.831700000000000017e+01
1.699000000000000199e+01
1.926999999999999957e+01
1.361100000000000065e+01
2.284600000000000009e+01
2.033999999999999986e+01
4.064699999999999847e+01
1.124300000000000033e+01
6.610800000000000409e+01
1.250099999999999945e+01
1.139199999999999946e+01
1.274600000000000044e+01
1.728300000000000125e+01
2.569200000000000017e+01
4.630100000000000193e+01
3.389200000000000301e+01
1.772899999999999920e+01
2.081599999999999895e+01
1.550900000000000034e+01
2.581700000000000017e+01
2.121499999999999986e+01
1.986700000000000088e+01
2.062099999999999866e+01
1.238300000000000090e+01
2.660000000000000142e+01
3.113800000000000168e+01
2.122299999999999898e+01
1.390900000000000070e+01
2.096300000000000097e+01
1.099399999999999977e+01
2.406400000000000006e+01
3.741000000000000369e+01
1.394100000000000072e+01
1.659900000000000020e+01
3.012800000000000011e+01
1.702599999999999980e+01
8.826399999999999579e+01
1.457600000000000051e+01
1.210599999999999987e+01
1.062100000000000044e+01
3.996000000000000085e+01
4.206700000000000017e+01
1.109399999999999942e+01
1.409200000000000053e+01
1.630499999999999972e+01
4.529100000000000392e+01
2.073100000000000165e+01
3.307500000000000284e+01
1.409800000000000075e+01
2.078300000000000125e+01
2.340800000000000125e+01
2.589199999999999946e+01
1.470199999999999996e+01
1.011400000000000077e+01
1.699899999999999878e+01
5.009600000000000364e+01
2.129299999999999926e+01
1.211299999999999955e+01
1.801500000000000057e+01
1.608800000000000097e+01
4.420100000000000051e+01
1.095700000000000074e+01
1.942099999999999937e+01
3.213400000000000034e+01
2.186599999999999966e+01
1.470800000000000018e+01
4.560300000000000153e+01
2.343200000000000216e+01
1.141000000000000014e+01
4.085000000000000142e+01
5.477799999999999869e+01
2.742800000000000082e+01
2.105799999999999983e+01
2.613200000000000145e+01
1.158300000000000018e+01
1.202700000000000102e+01
2.516000000000000014e+01
1.482699999999999996e+01
2.868900000000000006e+01
2.990600000000000236e+01
3.335900000000000176e+01
1.964700000000000202e+01
4.504400000000000404e+01
2.284299999999999997e+01
3.490899999999999892e+01
4.676899999999999835e+01
1.245899999999999963e+01
1.537100000000000044e+01
2.364199999999999946e+01
1.380199999999999960e+01
3.053200000000000003e+01
1.630699999999999861e+01
1.801399999999999935e+01
2.547700000000000031e+01
1.899099999999999966e+01
3.683100000000000307e+01
2.333600000000000207e+01
2.339000000000000057e+01
1.744600000000000151e+01
3.151800000000000068e+01
3.470199999999999818e+01
1.992600000000000193e+01
8.441500000000000625e+01
3.549300000000000210e+01
1.533999999999999986e+01
1.986700000000000088e+01
1.760699999999999932e+01
2.781099999999999994e+01
1.333000000000000007e+01
2.898499999999999943e+01
1.264400000000000013e+01
1.834100000000000108e+01
3.388300000000000267e+01
1.942600000000000193e+01
1.076100000000000101e+01
1.438600000000000101e+01
1.470899999999999963e+01
1.382200000000000095e+01
3.477100000000000080e+01
3.924300000000000210e+01
2.268400000000000105e+01
3.871300000000000097e+01
1.493900000000000006e+01
1.870800000000000196e+01
2.163400000000000034e+01
1.838800000000000168e+01
3.065099999999999980e+01
1.856599999999999895e+01
3.578099999999999881e+01
2.703300000000000125e+01
1.075099999999999945e+01
3.645700000000000074e+01
4.443500000000000227e+01
2.801399999999999935e+01
1.226900000000000013e+01
1.776099999999999923e+01
4.854700000000000415e+01
3.791400000000000148e+01
5.921099999999999852e+01
2.403699999999999903e+01
1.362300000000000111e+01
3.279999999999999716e+01
1.210400000000000098e+01
9.638999999999999346e+00
2.637000000000000099e+01
1.357200000000000095e+01
3.263000000000000256e+01
9.705000000000000071e+00
1.149200000000000088e+01
1.381499999999999950e+01
2.982000000000000028e+01
2.548000000000000043e+01
1.165099999999999980e+01
1.918100000000000094e+01
1.617399999999999949e+01
2.335600000000000165e+01
1.005900000000000105e+01
3.039400000000000190e+01
1.797100000000000009e+01
1.205700000000000038e+01
2.402700000000000102e+01
5.070100000000000051e+01
4.393299999999999983e+01
1.275399999999999956e+01
2.944999999999999929e+01
2.520299999999999940e+01
4.353500000000000369e+01
1.845400000000000063e+01
1.992600000000000193e+01
2.491900000000000048e+01
4.272700000000000387e+01
2.260399999999999920e+01
1.412100000000000044e+01
1.396499999999999986e+01
1.719500000000000028e+01
2.195100000000000051e+01
1.713700000000000045e+01
2.099300000000000210e+01
1.500900000000000034e+01
1.610399999999999920e+01
1.229400000000000048e+01
2.028699999999999903e+01
1.445199999999999996e+01
2.650100000000000122e+01
1.815599999999999881e+01
1.828699999999999903e+01
5.389300000000000068e+01
1.304600000000000115e+01
1.595899999999999963e+01
2.233900000000000219e+01
9.922000000000000597e+00
1.564199999999999946e+01
1.498900000000000077e+01
6.648300000000000409e+01
2.690399999999999991e+01
2.407300000000000040e+01
2.892999999999999972e+01
1.979100000000000037e+01
1.462500000000000000e+01
1.991000000000000014e+01
2.141900000000000048e+01
2.822700000000000031e+01
1.091000000000000014e+01
1.209699999999999953e+01
2.302800000000000225e+01
1.686100000000000065e+01
5.236299999999999955e+01
2.920100000000000051e+01
2.140899999999999892e+01
1.515600000000000058e+01
1.050699999999999967e+01
6.905700000000000216e+01
2.009400000000000119e+01
1.396100000000000030e+01
1.695200000000000173e+01
2.572599999999999909e+01
1.689300000000000068e+01
1.259860000000000042e+02
2.183399999999999963e+01
2.621000000000000085e+01
2.895299999999999940e+01
1.314600000000000080e+01
9.775000000000000355e+00
3.758400000000000318e+01
1.874699999999999989e+01
4.231300000000000239e+01
1.908300000000000196e+01
1.068800000000000061e+01
1.567999999999999972e+01
1.560599999999999987e+01
1.468299999999999983e+01
2.652899999999999991e+01
1.375399999999999956e+01
3.863700000000000045e+01
3.584199999999999875e+01
2.120899999999999963e+01
1.168900000000000006e+01
2.201600000000000179e+01
1.109600000000000009e+01
1.357000000000000028e+01
1.254300000000000104e+01
4.470300000000000296e+01
1.399600000000000044e+01
2.117999999999999972e+01
1.503100000000000058e+01
1.131199999999999939e+01
1.445000000000000107e+01
1.154899999999999949e+01
2.628900000000000148e+01
1.960200000000000031e+01
2.217600000000000193e+01
1.349099999999999966e+01
6.819800000000000750e+01
2.823600000000000065e+01
1.183900000000000041e+01
1.450699999999999967e+01
2.789900000000000091e+01
4.275200000000000244e+01
3.588400000000000034e+01
2.434700000000000131e+01
1.309600000000000009e+01
1.535299999999999976e+01
1.653999999999999915e+01
1.802599999999999980e+01
1.623900000000000077e+01
2.536899999999999977e+01
1.451299999999999990e+01
2.007900000000000063e+01
1.868200000000000216e+01
3.715700000000000358e+01
4.308299999999999841e+01
3.261399999999999721e+01
3.293500000000000227e+01
9.829000000000000625e+00
1.201999999999999957e+01
1.195700000000000074e+01
1.573600000000000065e+01
3.727199999999999847e+01
1.518800000000000061e+01
2.125700000000000145e+01
2.041400000000000148e+01
1.663899999999999935e+01
8.554000000000000270e+00
4.359900000000000375e+01
1.964400000000000190e+01
1.537599999999999945e+01
1.442699999999999960e+01
2.074300000000000210e+01
1.805600000000000094e+01
1.724399999999999977e+01
1.938800000000000168e+01
1.578100000000000058e+01
1.195700000000000074e+01
1.108500000000000085e+01
3.324799999999999756e+01
2.280400000000000205e+01
4.402900000000000347e+01
2.485099999999999909e+01
1.375200000000000067e+01
1.274399999999999977e+01
6.425700000000000500e+01
1.572700000000000031e+01
2.094500000000000028e+01
1.192900000000000027e+01
1.495100000000000051e+01
1.290900000000000070e+01
1.901500000000000057e+01
1.009100000000000108e+01
3.006899999999999906e+01
3.399000000000000199e+01
3.128699999999999903e+01
2.561599999999999966e+01
1.606299999999999883e+01
1.813299999999999912e+01
1.279000000000000092e+01
1.258300000000000018e+01
1.425300000000000011e+01
6.464799999999999613e+01
5.307300000000000040e+01
1.429199999999999982e+01
1.257300000000000040e+01
5.396099999999999852e+01
1.674599999999999866e+01
2.519699999999999918e+01
2.210000000000000142e+01
3.780199999999999960e+01
3.875699999999999790e+01
1.545599999999999952e+01
2.410000000000000142e+01
1.641600000000000037e+01
1.894699999999999918e+01
1.571700000000000053e+01
1.142200000000000060e+01
2.098100000000000165e+01
1.667800000000000082e+01
1.280100000000000016e+01
5.926599999999999824e+01
2.252299999999999969e+01
2.964900000000000091e+01
1.126299999999999990e+01
1.965800000000000125e+01
2.314100000000000179e+01
4.054100000000000392e+01
1.519700000000000095e+01
1.245700000000000074e+01
2.045100000000000051e+01
4.249600000000000222e+01
1.756299999999999883e+01
3.142300000000000182e+01
2.503000000000000114e+01
4.391100000000000136e+01
1.229599999999999937e+01
1.214000000000000057e+01
1.150099999999999945e+01
1.378100000000000058e+01
1.947700000000000031e+01
1.819300000000000139e+01
4.805300000000000438e+01
1.285599999999999987e+01
1.427500000000000036e+01
2.386299999999999955e+01
2.934400000000000119e+01
3.711299999999999955e+01
1.215600000000000058e+01
2.755000000000000071e+01
2.264499999999999957e+01
2.319800000000000040e+01
2.083600000000000207e+01
3.959700000000000131e+01
1.407099999999999973e+01
1.574500000000000099e+01
3.383400000000000318e+01
2.976900000000000190e+01
3.462299999999999756e+01
2.943700000000000117e+01
1.433600000000000030e+01
1.965500000000000114e+01
1.906299999999999883e+01
2.183000000000000185e+01
3.159100000000000108e+01
1.377599999999999980e+01
1.673300000000000054e+01
3.641000000000000369e+01
1.572199999999999953e+01
5.649800000000000466e+01
2.244399999999999906e+01
2.228699999999999903e+01
4.396099999999999852e+01
2.085000000000000142e+01
3.807399999999999807e+01
2.753900000000000148e+01
2.698000000000000043e+01
2.314400000000000190e+01
2.288500000000000156e+01
1.972700000000000031e+01
1.527500000000000036e+01
6.203099999999999881e+01
2.378999999999999915e+01
1.646499999999999986e+01
1.468400000000000105e+01
1.161400000000000077e+01
3.604200000000000159e+01
2.029700000000000060e+01
1.166600000000000037e+01
4.093599999999999994e+01
1.765200000000000102e+01
1.460800000000000054e+01
4.643699999999999761e+01
2.295299999999999940e+01
6.473799999999999955e+01
1.483800000000000097e+01
1.004000000000000092e+01
1.740800000000000125e+01
1.971600000000000108e+01
1.967999999999999972e+01
3.913700000000000045e+01
1.164300000000000068e+01
1.984299999999999997e+01
1.574200000000000088e+01
9.775999999999999801e+00
2.496199999999999974e+01
2.780900000000000105e+01
1.465200000000000102e+01
1.077899999999999991e+01
1.657600000000000051e+01
1.484100000000000108e+01
3.597200000000000131e+01
1.692099999999999937e+01
9.841000000000001080e+00
2.244999999999999929e+01
1.709400000000000119e+01
1.485400000000000098e+01
1.279100000000000037e+01
1.749500000000000099e+01
1.610600000000000165e+01
2.323499999999999943e+01
1.819500000000000028e+01
1.703800000000000026e+01
1.863400000000000034e+01
1.482000000000000028e+01
1.401600000000000001e+01
1.576900000000000013e+01
1.658800000000000097e+01
2.102200000000000202e+01
1.464499999999999957e+01
1.196199999999999974e+01
1.985200000000000031e+01
5.623100000000000165e+01
6.990000000000000568e+01
1.438600000000000101e+01
1.062300000000000111e+01
1.683399999999999963e+01
1.988400000000000034e+01
1.815899999999999892e+01
1.357500000000000107e+01
2.981899999999999906e+01
2.165000000000000213e+01
1.530300000000000082e+01
1.408500000000000085e+01
3.262500000000000000e+01
2.564499999999999957e+01
1.444899999999999984e+01
1.278500000000000014e+01
1.625300000000000011e+01
2.610900000000000176e+01
2.123100000000000165e+01
2.934900000000000020e+01
1.668100000000000094e+01
1.385800000000000054e+01
1.475200000000000067e+01
1.825400000000000134e+01
1.928399999999999892e+01
9.739000000000000767e+00
2.018799999999999883e+01
4.957999999999999829e+01
1.284500000000000064e+01
1.505100000000000016e+01
1.407500000000000107e+01
2.412399999999999878e+01
3.436100000000000421e+01
1.931500000000000128e+01
1.474399999999999977e+01
2.993700000000000117e+01
2.570500000000000185e+01
1.982700000000000173e+01
1.415099999999999980e+01
2.491400000000000148e+01
1.767600000000000193e+01
2.151099999999999923e+01
3.261599999999999966e+01
1.714900000000000091e+01
1.098600000000000065e+01
4.829700000000000415e+01
2.641300000000000026e+01
1.238700000000000045e+01
1.073200000000000109e+01
2.066600000000000037e+01
3.146300000000000097e+01
1.164799999999999969e+01
1.353599999999999959e+01
1.850799999999999912e+01
1.886200000000000188e+01
1.274800000000000111e+01
2.084900000000000020e+01
1.981500000000000128e+01
3.375600000000000023e+01
1.350500000000000078e+01
1.927700000000000102e+01
1.110200000000000031e+01
3.208700000000000330e+01
2.568900000000000006e+01
1.088000000000000078e+01
2.213899999999999935e+01
2.915899999999999892e+01
1.912699999999999889e+01
2.526300000000000168e+01
1.595599999999999952e+01
1.547199999999999953e+01
2.813200000000000145e+01
1.780699999999999861e+01
1.126500000000000057e+01
2.732100000000000151e+01
1.233800000000000097e+01
2.926099999999999923e+01
3.218299999999999983e+01
3.073000000000000043e+01
1.873199999999999932e+01
2.282900000000000063e+01
1.662900000000000134e+01
2.249099999999999966e+01
3.335900000000000176e+01
2.254100000000000037e+01
2.600600000000000023e+01
1.142800000000000082e+01
8.833899999999999864e+01
2.238899999999999935e+01
1.372700000000000031e+01
4.094500000000000028e+01
1.704800000000000182e+01
1.783899999999999864e+01
9.538999999999999702e+00
1.946699999999999875e+01
1.690599999999999881e+01
2.742800000000000082e+01
2.432799999999999940e+01
1.351800000000000068e+01
1.470899999999999963e+01
2.542200000000000060e+01
9.236000000000000654e+00
2.144800000000000040e+01
1.771699999999999875e+01
2.443100000000000094e+01
1.882600000000000051e+01
3.698000000000000398e+01
1.465700000000000003e+01
1.683699999999999974e+01
1.328400000000000070e+01
3.898199999999999932e+01
2.016300000000000026e+01
3.945799999999999841e+01
2.398100000000000165e+01
1.828099999999999881e+01
1.345000000000000107e+01
1.791900000000000048e+01
1.387300000000000111e+01
5.266100000000000136e+01
2.277100000000000080e+01
4.461299999999999955e+01
1.623499999999999943e+01
1.241399999999999970e+01
3.417799999999999727e+01
2.102700000000000102e+01
1.927299999999999969e+01
5.353300000000000125e+01
1.362599999999999945e+01
2.276699999999999946e+01
2.732600000000000051e+01
2.110800000000000054e+01
2.313100000000000023e+01
1.548200000000000109e+01
3.585900000000000176e+01
7.909199999999999875e+01
1.911100000000000065e+01
1.640599999999999881e+01
2.567999999999999972e+01
2.986899999999999977e+01
2.579400000000000048e+01
4.114999999999999858e+01
5.466700000000000159e+01
2.076600000000000179e+01
3.309600000000000364e+01
2.099000000000000199e+01
4.561400000000000432e+01
1.471600000000000108e+01
1.490399999999999991e+01
1.164100000000000001e+01
2.294500000000000028e+01
2.235999999999999943e+01
5.267800000000000438e+01
1.217399999999999949e+01
1.743499999999999872e+01
1.446799999999999997e+01
1.652200000000000202e+01
1.198099999999999987e+01
2.434799999999999898e+01
2.064700000000000202e+01
1.283500000000000085e+01
1.033900000000000041e+01
1.162000000000000099e+01
1.252800000000000047e+01
1.603500000000000014e+01
1.390300000000000047e+01
2.268100000000000094e+01
2.956099999999999994e+01
2.795200000000000173e+01
1.093400000000000105e+01
1.978099999999999881e+01
3.430700000000000216e+01
9.964000000000000412e+00
1.903500000000000014e+01
1.395899999999999963e+01
1.851099999999999923e+01
1.264900000000000091e+01
2.765599999999999881e+01
1.334299999999999997e+01
5.750500000000000256e+01
7.440099999999999625e+01
3.164400000000000190e+01
3.785300000000000153e+01
2.669000000000000128e+01
1.765399999999999991e+01
1.115499999999999936e+01
3.923000000000000398e+01
1.729200000000000159e+01
1.826900000000000190e+01
1.151299999999999990e+01
1.005600000000000094e+01
1.700199999999999889e+01
1.282600000000000051e+01
1.568900000000000006e+01
2.185000000000000142e+01
6.575900000000000034e+01
3.590700000000000358e+01
2.355400000000000205e+01
1.372600000000000087e+01
1.328899999999999970e+01
1.259699999999999953e+01
1.549399999999999977e+01
2.128699999999999903e+01
3.345799999999999841e+01
1.780000000000000071e+01
1.817099999999999937e+01
4.684400000000000119e+01
1.367699999999999960e+01
3.862500000000000000e+01
1.785099999999999909e+01
3.452100000000000080e+01
1.391099999999999959e+01
3.319899999999999807e+01
1.978600000000000136e+01
4.364399999999999835e+01
2.583399999999999963e+01
1.913599999999999923e+01
1.037199999999999989e+01
2.114700000000000202e+01
2.584499999999999886e+01
1.226900000000000013e+01
3.147800000000000153e+01
1.468700000000000117e+01
4.648000000000000398e+01
1.562500000000000000e+01
1.945899999999999963e+01
3.861699999999999733e+01
2.514300000000000068e+01
3.848600000000000421e+01
1.548500000000000121e+01
1.341800000000000104e+01
3.152100000000000080e+01
2.499500000000000099e+01
1.133500000000000085e+01
1.287899999999999956e+01
2.264900000000000091e+01
4.349399999999999977e+01
1.881700000000000017e+01
2.626200000000000045e+01
1.309699999999999953e+01
1.955999999999999872e+01
1.443500000000000050e+01
3.355899999999999750e+01
1.792099999999999937e+01
2.030199999999999960e+01
3.040399999999999991e+01
2.957300000000000040e+01
8.877000000000000668e+00
1.386700000000000088e+01
3.248899999999999721e+01
1.642600000000000193e+01
2.496000000000000085e+01
3.024600000000000222e+01
5.887300000000000466e+01
1.749099999999999966e+01
2.809900000000000020e+01
2.075199999999999889e+01
2.796900000000000119e+01
1.481300000000000061e+01
2.334100000000000108e+01
1.791499999999999915e+01
1.142500000000000071e+01
1.188700000000000045e+01
2.279599999999999937e+01
1.715000000000000213e+01
1.098300000000000054e+01
1.966600000000000037e+01
1.344100000000000072e+01
3.133000000000000185e+01
1.369500000000000028e+01
3.373499999999999943e+01
1.757900000000000063e+01
2.500000000000000000e+01
3.164600000000000080e+01
2.210999999999999943e+01
2.224200000000000088e+01
3.155499999999999972e+01
1.204000000000000092e+01
4.387199999999999989e+01
1.170199999999999996e+01
1.297199999999999953e+01
2.601399999999999935e+01
9.386000000000001009e+00
1.710000000000000142e+01
1.465399999999999991e+01
2.947400000000000020e+01
2.782900000000000063e+01
5.782800000000000296e+01
2.290800000000000125e+01
5.832800000000000296e+01
1.293800000000000061e+01
1.628999999999999915e+01
2.944699999999999918e+01
1.493800000000000061e+01
1.630300000000000082e+01
1.414600000000000080e+01
3.874699999999999989e+01
1.376699999999999946e+01
1.348200000000000109e+01
1.279499999999999993e+01
2.153999999999999915e+01
2.982000000000000028e+01
1.518900000000000006e+01
4.453699999999999903e+01
1.574200000000000088e+01
1.325399999999999956e+01
2.389900000000000091e+01
1.231499999999999950e+01
1.158699999999999974e+01
1.968400000000000105e+01
1.665500000000000114e+01
1.577299999999999969e+01
4.901800000000000068e+01
1.429600000000000115e+01
3.072500000000000142e+01
4.037199999999999989e+01
1.847200000000000131e+01
1.345700000000000074e+01
2.818500000000000227e+01
1.013700000000000045e+01
1.317300000000000004e+01
2.908999999999999986e+01
5.178399999999999892e+01
1.262700000000000067e+01
1.042900000000000027e+01
1.786899999999999977e+01
2.790200000000000102e+01
1.044500000000000028e+01
3.104800000000000182e+01
1.642500000000000071e+01
1.734499999999999886e+01
4.162599999999999767e+01
2.590200000000000102e+01
2.012199999999999989e+01
1.842000000000000171e+01
2.111700000000000088e+01
1.446300000000000097e+01
7.162300000000000466e+01
1.619800000000000040e+01
2.186500000000000199e+01
1.196600000000000108e+01
3.428099999999999881e+01
3.827000000000000313e+01
1.644900000000000162e+01
4.524499999999999744e+01
1.583999999999999986e+01
1.105799999999999983e+01
1.899300000000000210e+01
1.376600000000000001e+01
8.952999999999999403e+00
1.659700000000000131e+01
3.300900000000000034e+01
1.731700000000000017e+01
1.362500000000000000e+01
1.552100000000000080e+01
2.295800000000000196e+01
1.194100000000000072e+01
1.249200000000000088e+01
1.905300000000000082e+01
3.218399999999999750e+01
1.796300000000000097e+01
4.965299999999999869e+01
2.095299999999999940e+01
4.025399999999999778e+01
1.530799999999999983e+01
1.870500000000000185e+01
1.219700000000000095e+01
1.023799999999999955e+01
1.751099999999999923e+01
3.736699999999999733e+01
1.659799999999999898e+01
2.238899999999999935e+01
4.580100000000000193e+01
1.878399999999999892e+01
2.729599999999999937e+01
2.767999999999999972e+01
1.602400000000000091e+01
6.521500000000000341e+01
9.903000000000000469e+00
1.624599999999999866e+01
