# lp/w = 1.5
# Pf/Ps = 1.25
# G = 1.0
# target = 5.0
# success rate = 49.2
2.202999999999999847e+00
5.611599999999999966e+01
3.756799999999999784e+01
1.623799999999999955e+01
2.034299999999999997e+01
3.556300000000000239e+01
5.215100000000000335e+01
3.167000000000000259e+00
1.561400000000000077e+01
5.874500000000000455e+01
5.053099999999999881e+01
8.998000000000000398e+01
7.636000000000000121e+00
1.726399999999999935e+01
1.304600000000000115e+01
6.869500000000000739e+01
4.540800000000000125e+01
4.621600000000000108e+01
9.484000000000000341e+01
1.947100000000000009e+01
2.088999999999999968e+00
2.586500000000000199e+01
2.913700000000000045e+01
3.116499999999999915e+01
9.860600000000000875e+01
1.677700000000000102e+01
2.624399999999999977e+01
2.577999999999999847e+00
3.811200000000000188e+01
8.605200000000000671e+01
1.143500000000000050e+01
4.996000000000000441e+00
2.769500000000000028e+01
6.620000000000000107e+00
4.589999999999999858e+00
9.661400000000000432e+01
4.615200000000000102e+01
6.462199999999999989e+01
7.347700000000000387e+01
1.522199999999999953e+01
3.729100000000000392e+01
7.424000000000000377e+00
3.292300000000000182e+01
1.413400000000000034e+01
8.715099999999999625e+01
1.317200000000000060e+01
1.906400000000000006e+01
2.144000000000000128e+00
1.727999999999999980e+00
2.130000000000000071e+01
8.440999999999999659e+01
2.373499999999999943e+01
5.472299999999999898e+01
7.913000000000000256e+00
3.173000000000000043e+00
2.322999999999999954e+00
3.140000000000000213e+01
1.858800000000000097e+01
1.066800000000000104e+01
3.995100000000000051e+01
5.119899999999999807e+01
2.068999999999999950e+00
5.438199999999999790e+01
1.603699999999999903e+01
2.061800000000000210e+01
4.982000000000000206e+00
7.032699999999999818e+01
3.957399999999999807e+01
3.159500000000000242e+01
4.169999999999999929e+00
2.815800000000000125e+01
2.417200000000000060e+01
2.421000000000000263e+00
8.388899999999999579e+01
3.300000000000000266e+00
3.845199999999999818e+01
5.388400000000000034e+01
2.170899999999999963e+01
5.350699999999999790e+01
1.816100000000000136e+01
1.042300000000000004e+01
4.863600000000000279e+01
3.736500000000000199e+01
2.872899999999999920e+01
6.084799999999999898e+01
7.089999999999999858e+00
8.338299999999999557e+01
3.785399999999999920e+01
2.803500000000000014e+01
4.979599999999999937e+01
4.060900000000000176e+01
2.437600000000000122e+01
3.684000000000000341e+01
8.737199999999999989e+01
3.989699999999999847e+01
1.501000000000000112e+00
1.775000000000000133e+00
8.565099999999999625e+01
4.033000000000000362e+00
5.977199999999999847e+01
2.652800000000000225e+01
9.224000000000000199e+00
3.770999999999999908e+00
8.493999999999999773e+00
1.385200000000000031e+01
5.464200000000000301e+01
3.769599999999999795e+01
7.114000000000000057e+01
2.353999999999999915e+01
1.732400000000000162e+01
5.731000000000000227e+01
2.393100000000000094e+01
6.562999999999999723e+00
6.544200000000000728e+01
1.312899999999999956e+01
4.139600000000000080e+01
1.803200000000000003e+01
4.516300000000000381e+01
8.900999999999999801e+00
5.629100000000000392e+01
8.990000000000000213e+00
6.668000000000000149e+00
1.695500000000000185e+01
2.714900000000000091e+01
8.451900000000000546e+01
3.301599999999999824e+01
3.051699999999999946e+01
2.564999999999999947e+00
1.687999999999999945e+00
1.650799999999999912e+01
3.294400000000000261e+01
1.780900000000000105e+01
6.393100000000000449e+01
1.430199999999999960e+01
3.654800000000000182e+01
3.957699999999999818e+01
9.362000000000000455e+01
5.085200000000000387e+01
1.502000000000000002e+00
3.548199999999999932e+01
1.263600000000000101e+01
1.505400000000000027e+01
2.116900000000000048e+01
5.548799999999999955e+01
5.416000000000000369e+00
5.549999999999999822e+00
5.140800000000000125e+01
1.613100000000000023e+01
1.812099999999999866e+01
2.234799999999999898e+01
2.800000000000000266e+00
7.727999999999999758e+00
6.810999999999999943e+01
6.652000000000000135e+00
2.001999999999999957e+01
5.844599999999999795e+01
2.152599999999999980e+01
2.297299999999999898e+01
7.548000000000000043e+00
2.822100000000000009e+01
2.846999999999999975e+00
1.995999999999999996e+00
4.628200000000000358e+01
8.705999999999999517e+00
3.677900000000000347e+01
5.983899999999999864e+01
4.638900000000000290e+01
1.166500000000000092e+01
4.020000000000000284e+01
9.851600000000000534e+01
7.723499999999999943e+01
2.923000000000000043e+00
1.601699999999999946e+01
9.181199999999999761e+01
3.503600000000000136e+01
3.425600000000000023e+01
7.060999999999999943e+00
5.064200000000000301e+01
4.862400000000000233e+01
5.347999999999999865e+00
6.698999999999999488e+01
2.294399999999999906e+01
1.143299999999999983e+01
1.664499999999999957e+01
1.256099999999999994e+01
9.519999999999999574e+00
4.774399999999999977e+01
8.419599999999999795e+01
8.044999999999999929e+00
1.697500000000000142e+01
4.074399999999999977e+01
9.034000000000000696e+00
1.669000000000000039e+00
4.310900000000000176e+01
4.748600000000000421e+01
1.510000000000000009e+00
2.667099999999999937e+01
4.735000000000000320e+00
2.808800000000000097e+01
1.405900000000000105e+01
2.971000000000000085e+00
1.014600000000000080e+01
6.576999999999999957e+00
4.435300000000000153e+01
3.574600000000000222e+01
4.461000000000000298e+00
5.560800000000000409e+01
3.112699999999999889e+01
8.604999999999999716e+01
1.283600000000000030e+01
1.757199999999999918e+01
1.816000000000000059e+00
1.495999999999999996e+00
5.498900000000000432e+01
4.056499999999999773e+01
1.763000000000000123e+00
7.974299999999999500e+01
2.425199999999999889e+01
1.557500000000000107e+01
9.693800000000000239e+01
5.245900000000000318e+01
1.007200000000000095e+01
3.539300000000000068e+01
9.640000000000000568e+00
3.507399999999999807e+01
6.032300000000000040e+01
3.747899999999999920e+01
1.739900000000000091e+01
8.810999999999999943e+00
6.394500000000000028e+01
3.982800000000000296e+01
4.678500000000000369e+01
1.687999999999999945e+00
3.422100000000000364e+01
7.220199999999999818e+01
1.879299999999999926e+01
7.218999999999999773e+01
1.654000000000000137e+00
3.856000000000000227e+01
5.626000000000000334e+00
5.892600000000000193e+01
8.073600000000000421e+01
4.730000000000000426e+00
3.306499999999999773e+01
1.678500000000000014e+01
3.442000000000000171e+00
9.483000000000000540e+00
2.387000000000000011e+00
3.468900000000000006e+01
4.088700000000000045e+01
1.538799999999999990e+01
1.834999999999999964e+00
8.163999999999999702e+00
7.166000000000000369e+00
2.736700000000000088e+01
8.075799999999999557e+01
2.915000000000000213e+01
5.757500000000000284e+01
8.019000000000000128e+00
3.014700000000000202e+01
1.213199999999999967e+01
6.010800000000000409e+01
2.585000000000000142e+01
1.145899999999999963e+01
5.381099999999999994e+01
7.669999999999999929e+00
2.304800000000000182e+01
3.951800000000000068e+01
5.715500000000000114e+01
1.580999999999999961e+00
2.167000000000000171e+01
6.520100000000000762e+01
4.582000000000000028e+01
7.778000000000000469e+00
6.360500000000000398e+01
2.109700000000000131e+01
1.926999999999999957e+01
3.903500000000000369e+01
5.485000000000000320e+00
1.304300000000000104e+01
1.333699999999999974e+01
1.002599999999999980e+01
4.407000000000000028e+00
1.447900000000000098e+01
3.465100000000000335e+01
8.827599999999999625e+01
4.322500000000000142e+01
1.676099999999999923e+01
2.966600000000000037e+01
2.038700000000000045e+01
2.104700000000000060e+01
7.087399999999999523e+01
3.228399999999999892e+01
2.538200000000000145e+01
2.033399999999999963e+01
6.110699999999999932e+01
1.540600000000000058e+01
2.446100000000000207e+01
4.004299999999999926e+01
7.362800000000000011e+01
2.538500000000000156e+01
7.910000000000000142e+00
6.661899999999999977e+01
9.339000000000000412e+00
4.780100000000000193e+01
1.445599999999999952e+01
4.382300000000000040e+01
3.452900000000000347e+01
9.814999999999999503e+00
4.666000000000000369e+00
8.726600000000000534e+01
2.464100000000000179e+01
8.195700000000000784e+01
8.178799999999999670e+01
1.348399999999999999e+01
2.794600000000000151e+01
1.129599999999999937e+01
1.019899999999999984e+01
5.083200000000000074e+01
8.384999999999999787e+00
7.836199999999999477e+01
9.983999999999999986e+00
4.363600000000000279e+01
5.017800000000000438e+01
5.241000000000000547e+00
3.052599999999999980e+01
4.539600000000000080e+01
8.442600000000000193e+01
1.139300000000000068e+01
7.806900000000000261e+01
1.016800000000000104e+01
4.187999999999999723e+00
4.620400000000000063e+01
1.572700000000000031e+01
3.181400000000000006e+01
3.459100000000000108e+01
2.450400000000000134e+01
4.198999999999999844e+00
2.559499999999999886e+01
4.466000000000000369e+01
1.133600000000000030e+01
5.982600000000000051e+01
8.342000000000000526e+00
7.332000000000000739e+01
9.549699999999999989e+01
3.533500000000000085e+01
3.970000000000000284e+01
2.240099999999999980e+01
7.918999999999999773e+01
1.646300000000000097e+01
4.134999999999999787e+00
1.669999999999999929e+01
6.759000000000000341e+00
3.270900000000000318e+01
6.132000000000000561e+00
8.395499999999999829e+01
2.948000000000000043e+01
9.755000000000000782e+00
1.613299999999999912e+01
9.678000000000000824e+00
6.875400000000000489e+01
2.278200000000000003e+01
4.657900000000000063e+01
2.142999999999999972e+01
5.913000000000000256e+00
8.478300000000000125e+01
1.415200000000000102e+01
2.008999999999999986e+01
1.501800000000000068e+01
1.060800000000000054e+01
9.326000000000000512e+00
8.907000000000000028e+00
5.568100000000000449e+01
5.842600000000000193e+01
7.415300000000000580e+01
2.245500000000000185e+01
2.580900000000000105e+01
4.858400000000000318e+01
5.022700000000000387e+01
1.719999999999999929e+01
8.568399999999999750e+01
2.730999999999999872e+00
5.925999999999999801e+01
2.972500000000000142e+01
1.629800000000000182e+01
4.988999999999999879e+00
3.049600000000000222e+01
4.177000000000000490e+00
1.624500000000000099e+01
1.433900000000000041e+01
1.876200000000000045e+01
3.325000000000000178e+00
2.056299999999999883e+01
5.881400000000000006e+01
2.993599999999999994e+01
3.871999999999999886e+01
8.958999999999999631e+00
9.276699999999999591e+01
9.648600000000000421e+01
1.021499999999999986e+01
8.939000000000000057e+00
2.536100000000000065e+01
7.182000000000000384e+00
4.593900000000000006e+01
5.258400000000000318e+01
2.136000000000000121e+00
4.704100000000000392e+01
5.055900000000000460e+01
3.485900000000000176e+01
3.392999999999999972e+01
3.935099999999999909e+01
1.325399999999999956e+01
9.527500000000000568e+01
7.746999999999999886e+00
1.703000000000000069e+00
1.424000000000000021e+01
1.336400000000000077e+01
1.591900000000000048e+01
1.426999999999999957e+01
1.908699999999999974e+01
7.717000000000000526e+00
4.136100000000000421e+01
6.982000000000000206e+00
7.854300000000000637e+01
7.863999999999999879e+00
3.614800000000000324e+01
1.952299999999999969e+01
6.698099999999999454e+01
5.834000000000000519e+00
3.904400000000000404e+01
9.260000000000000853e+01
2.329500000000000171e+01
2.750199999999999889e+01
2.087800000000000011e+01
2.372299999999999898e+01
4.379700000000000415e+01
1.759000000000000119e+00
4.025000000000000000e+01
9.752500000000000568e+01
4.211500000000000199e+01
3.215700000000000358e+01
7.170199999999999818e+01
2.439900000000000091e+01
4.796600000000000108e+01
6.280000000000000249e+00
2.016900000000000048e+01
3.048700000000000188e+01
3.452300000000000324e+01
2.345500000000000185e+01
1.216500000000000092e+01
6.126999999999999780e+00
3.933400000000000318e+01
4.939000000000000057e+00
1.785399999999999920e+01
4.766100000000000136e+01
6.234900000000000375e+01
4.773600000000000421e+01
9.492000000000000881e+00
1.890399999999999991e+01
1.695100000000000051e+01
4.919599999999999795e+01
3.817999999999999972e+01
2.938500000000000156e+01
4.726700000000000301e+01
1.356200000000000117e+01
9.768000000000000682e+00
3.554000000000000270e+00
1.353500000000000014e+01
6.052400000000000091e+01
7.329300000000000637e+01
1.130300000000000082e+01
7.307000000000000384e+00
2.503000000000000114e+01
4.854299999999999926e+01
1.111700000000000088e+01
3.802999999999999936e+00
5.850000000000000533e+00
7.132800000000000296e+01
4.653000000000000114e+01
2.113800000000000168e+01
7.160699999999999932e+01
1.079899999999999949e+01
3.398000000000000131e+00
7.373799999999999955e+01
3.931700000000000017e+01
3.171499999999999986e+01
1.413700000000000045e+01
2.752599999999999980e+01
2.837800000000000011e+01
8.887000000000000455e+01
4.325000000000000178e+00
5.771200000000000330e+01
