# lp/w = 1.5
# Pf/Ps = 1.5
# G = 1.0
# target = 20
# success rate = 66.7
6.350900000000000034e+01
6.455500000000000682e+01
5.972800000000000153e+01
8.146900000000000830e+01
3.565700000000000358e+01
4.149199999999999733e+01
7.171200000000000330e+01
6.574599999999999511e+01
4.345600000000000307e+01
8.305500000000000682e+01
8.122800000000000864e+01
5.720900000000000318e+01
5.206700000000000017e+01
5.855799999999999983e+01
7.200900000000000034e+01
5.328099999999999881e+01
2.855100000000000193e+01
9.155899999999999750e+01
7.173999999999999488e+01
3.242900000000000205e+01
8.387900000000000489e+01
2.237399999999999878e+01
8.845300000000000296e+01
9.210399999999999920e+01
7.096699999999999875e+01
7.987500000000000000e+01
9.488299999999999557e+01
7.058700000000000330e+01
5.558500000000000085e+01
6.829600000000000648e+01
5.331300000000000239e+01
9.897899999999999920e+01
4.373499999999999943e+01
5.023400000000000176e+01
9.105599999999999739e+01
6.303300000000000125e+01
3.795199999999999818e+01
9.507200000000000273e+01
3.160500000000000043e+01
6.018400000000000460e+01
7.041599999999999682e+01
8.674599999999999511e+01
3.947299999999999898e+01
7.373499999999999943e+01
4.009199999999999875e+01
6.989199999999999591e+01
4.886100000000000421e+01
4.247200000000000131e+01
4.565899999999999892e+01
8.561700000000000443e+01
4.994599999999999795e+01
5.015500000000000114e+01
8.222299999999999898e+01
6.020499999999999829e+01
4.928500000000000369e+01
5.076400000000000290e+01
9.781499999999999773e+01
6.505700000000000216e+01
6.440399999999999636e+01
6.482200000000000273e+01
8.047899999999999920e+01
8.795600000000000307e+01
7.845000000000000284e+01
6.610699999999999932e+01
6.243200000000000216e+01
4.949099999999999966e+01
6.690500000000000114e+01
4.901200000000000045e+01
5.472599999999999909e+01
6.064699999999999847e+01
3.947200000000000131e+01
7.515500000000000114e+01
6.333599999999999852e+01
6.776099999999999568e+01
6.016199999999999903e+01
5.540400000000000347e+01
2.578699999999999903e+01
6.901300000000000523e+01
5.222899999999999920e+01
8.737600000000000477e+01
6.093599999999999994e+01
7.396600000000000819e+01
7.125300000000000011e+01
5.772400000000000375e+01
8.746999999999999886e+01
9.892799999999999727e+01
8.169200000000000728e+01
9.592400000000000659e+01
3.906400000000000006e+01
6.741200000000000614e+01
7.543300000000000693e+01
7.747299999999999898e+01
8.702800000000000580e+01
9.227100000000000080e+01
4.459000000000000341e+01
8.161799999999999500e+01
5.230900000000000460e+01
4.883400000000000318e+01
3.539399999999999835e+01
4.002199999999999847e+01
5.800500000000000256e+01
7.715300000000000580e+01
6.795600000000000307e+01
5.906799999999999784e+01
7.702500000000000568e+01
6.844299999999999784e+01
7.536400000000000432e+01
9.476600000000000534e+01
6.147899999999999920e+01
6.646500000000000341e+01
7.946800000000000352e+01
5.761700000000000443e+01
3.639800000000000324e+01
9.706700000000000728e+01
6.494100000000000250e+01
5.844899999999999807e+01
3.563799999999999812e+01
9.441700000000000159e+01
3.792799999999999727e+01
8.546099999999999852e+01
6.319899999999999807e+01
7.754999999999999716e+01
3.490700000000000358e+01
8.054900000000000659e+01
4.832800000000000296e+01
4.843100000000000449e+01
5.009799999999999898e+01
6.852599999999999625e+01
6.082999999999999829e+01
3.213600000000000279e+01
6.055900000000000460e+01
9.627200000000000557e+01
7.377400000000000091e+01
9.876000000000000512e+01
9.428799999999999670e+01
8.294299999999999784e+01
6.737000000000000455e+01
5.753600000000000136e+01
8.986400000000000432e+01
7.143000000000000682e+01
6.972799999999999443e+01
6.914100000000000534e+01
7.912900000000000489e+01
8.656499999999999773e+01
9.709499999999999886e+01
3.269700000000000273e+01
7.124899999999999523e+01
8.850499999999999545e+01
6.635800000000000409e+01
6.238300000000000267e+01
7.186799999999999500e+01
8.416200000000000614e+01
5.468200000000000216e+01
8.954500000000000171e+01
4.833899999999999864e+01
7.085399999999999920e+01
6.610500000000000398e+01
4.046999999999999886e+01
6.467499999999999716e+01
2.401300000000000168e+01
7.247500000000000853e+01
7.148799999999999955e+01
4.421600000000000108e+01
5.784900000000000375e+01
9.795199999999999818e+01
7.985899999999999466e+01
7.864799999999999613e+01
6.599299999999999500e+01
7.806600000000000250e+01
6.820100000000000762e+01
5.376200000000000045e+01
8.816500000000000625e+01
5.825600000000000023e+01
7.935899999999999466e+01
6.924399999999999977e+01
5.874800000000000466e+01
7.289100000000000534e+01
7.354099999999999682e+01
7.747100000000000364e+01
9.385699999999999932e+01
5.064200000000000301e+01
9.146200000000000330e+01
5.468800000000000239e+01
4.327000000000000313e+01
7.749200000000000443e+01
8.736499999999999488e+01
6.710099999999999909e+01
9.253199999999999648e+01
6.176200000000000045e+01
6.641299999999999670e+01
9.148700000000000898e+01
7.380500000000000682e+01
7.183200000000000784e+01
3.341499999999999915e+01
8.303799999999999670e+01
8.014199999999999591e+01
5.472299999999999898e+01
9.336599999999999966e+01
5.868400000000000460e+01
8.405400000000000205e+01
6.701900000000000546e+01
5.522200000000000131e+01
8.104300000000000637e+01
8.567499999999999716e+01
5.554599999999999937e+01
4.955199999999999960e+01
8.495900000000000318e+01
7.928000000000000114e+01
9.221500000000000341e+01
9.583800000000000807e+01
6.625799999999999557e+01
7.918399999999999750e+01
4.325200000000000244e+01
4.101500000000000057e+01
4.533899999999999864e+01
7.752299999999999613e+01
8.011700000000000443e+01
4.357200000000000273e+01
7.096000000000000796e+01
6.263799999999999812e+01
7.700499999999999545e+01
4.728099999999999881e+01
3.780299999999999727e+01
5.307399999999999807e+01
3.837800000000000011e+01
8.675400000000000489e+01
7.894800000000000750e+01
5.293800000000000239e+01
6.324099999999999966e+01
4.318500000000000227e+01
5.667200000000000415e+01
5.711400000000000432e+01
2.547800000000000153e+01
6.734999999999999432e+01
9.206499999999999773e+01
4.351899999999999835e+01
2.328699999999999903e+01
8.729099999999999682e+01
6.971800000000000352e+01
2.380400000000000205e+01
7.344899999999999807e+01
7.008100000000000307e+01
4.591400000000000148e+01
7.356000000000000227e+01
5.959499999999999886e+01
7.494800000000000750e+01
5.054299999999999926e+01
8.336700000000000443e+01
1.900300000000000011e+01
6.815699999999999648e+01
8.590200000000000102e+01
7.430599999999999739e+01
4.213199999999999790e+01
6.789700000000000557e+01
8.744599999999999795e+01
5.850099999999999767e+01
6.862600000000000477e+01
6.655299999999999727e+01
4.896500000000000341e+01
4.974500000000000455e+01
6.457600000000000762e+01
3.119600000000000151e+01
5.953399999999999892e+01
3.889800000000000324e+01
6.121699999999999875e+01
7.923000000000000398e+01
4.757000000000000028e+01
9.098400000000000887e+01
7.614799999999999613e+01
8.671800000000000352e+01
3.420799999999999841e+01
6.386700000000000443e+01
7.030599999999999739e+01
8.619700000000000273e+01
9.024299999999999500e+01
6.189000000000000057e+01
4.233599999999999852e+01
5.893400000000000460e+01
5.387000000000000455e+01
8.610500000000000398e+01
6.324300000000000210e+01
6.166300000000000381e+01
8.000100000000000477e+01
7.450400000000000489e+01
6.944400000000000261e+01
2.784600000000000009e+01
8.376699999999999591e+01
8.628900000000000148e+01
9.377800000000000580e+01
7.246500000000000341e+01
6.544299999999999784e+01
8.443200000000000216e+01
3.655299999999999727e+01
7.437300000000000466e+01
5.851899999999999835e+01
7.076200000000000045e+01
8.173600000000000421e+01
9.166800000000000637e+01
9.880599999999999739e+01
6.279400000000000404e+01
9.301500000000000057e+01
9.857500000000000284e+01
5.058100000000000307e+01
5.417500000000000426e+01
6.728400000000000603e+01
5.273000000000000398e+01
4.865100000000000335e+01
4.415500000000000114e+01
6.298400000000000176e+01
2.498199999999999932e+01
7.842000000000000171e+01
8.782999999999999829e+01
6.205000000000000426e+01
5.741199999999999903e+01
2.715300000000000225e+01
8.502800000000000580e+01
3.707699999999999818e+01
9.358200000000000784e+01
4.656799999999999784e+01
8.942700000000000671e+01
9.499099999999999966e+01
9.909600000000000364e+01
5.417500000000000426e+01
5.427700000000000102e+01
6.695100000000000762e+01
9.103300000000000125e+01
4.448799999999999955e+01
6.014800000000000324e+01
7.203100000000000591e+01
5.684499999999999886e+01
6.975400000000000489e+01
7.526800000000000068e+01
4.272200000000000131e+01
8.900900000000000034e+01
3.609199999999999875e+01
7.375600000000000023e+01
9.297200000000000841e+01
3.895600000000000307e+01
4.844899999999999807e+01
7.046300000000000807e+01
7.246399999999999864e+01
9.944200000000000728e+01
6.236599999999999966e+01
6.753700000000000614e+01
8.437199999999999989e+01
9.155400000000000205e+01
4.184900000000000375e+01
5.411500000000000199e+01
6.421500000000000341e+01
9.873900000000000432e+01
9.750000000000000000e+01
4.965800000000000125e+01
6.363199999999999790e+01
4.188799999999999812e+01
7.800900000000000034e+01
5.011100000000000421e+01
4.466400000000000148e+01
8.959700000000000841e+01
7.917000000000000171e+01
5.711400000000000432e+01
3.171400000000000219e+01
4.746999999999999886e+01
3.750099999999999767e+01
6.433500000000000796e+01
2.882900000000000063e+01
7.428400000000000603e+01
4.298300000000000409e+01
9.343999999999999773e+01
9.284600000000000364e+01
4.540700000000000358e+01
7.221699999999999875e+01
9.517499999999999716e+01
5.143200000000000216e+01
6.074800000000000466e+01
2.967900000000000205e+01
7.647100000000000364e+01
9.057800000000000296e+01
7.479099999999999682e+01
3.868099999999999739e+01
5.346300000000000097e+01
3.567600000000000193e+01
2.579299999999999926e+01
8.680400000000000205e+01
6.052499999999999858e+01
4.889200000000000301e+01
5.522700000000000387e+01
4.814900000000000091e+01
5.850099999999999767e+01
5.925300000000000011e+01
9.769800000000000750e+01
2.879899999999999949e+01
6.404800000000000182e+01
9.957500000000000284e+01
8.997100000000000364e+01
6.175200000000000244e+01
4.491000000000000369e+01
4.662700000000000244e+01
8.847700000000000387e+01
8.407800000000000296e+01
8.147200000000000841e+01
9.915000000000000568e+01
6.577700000000000102e+01
4.639200000000000301e+01
1.635300000000000153e+01
6.849500000000000455e+01
4.276700000000000301e+01
3.086299999999999955e+01
8.311100000000000421e+01
1.937900000000000134e+01
5.400800000000000267e+01
3.476899999999999835e+01
5.714399999999999835e+01
4.810399999999999920e+01
7.341400000000000148e+01
5.883500000000000085e+01
6.700400000000000489e+01
6.833400000000000318e+01
5.809199999999999875e+01
6.338700000000000045e+01
7.243300000000000693e+01
7.305599999999999739e+01
3.042600000000000193e+01
4.460800000000000409e+01
6.504099999999999682e+01
8.273499999999999943e+01
7.532000000000000739e+01
7.498399999999999466e+01
6.597100000000000364e+01
8.740900000000000603e+01
7.099899999999999523e+01
9.719500000000000739e+01
9.164499999999999602e+01
4.247800000000000153e+01
9.990999999999999659e+01
8.518200000000000216e+01
7.857399999999999807e+01
5.592099999999999937e+01
4.693999999999999773e+01
9.599599999999999511e+01
5.565700000000000358e+01
4.293900000000000006e+01
8.260500000000000398e+01
7.239900000000000091e+01
8.581900000000000261e+01
6.828400000000000603e+01
6.584300000000000352e+01
3.381700000000000017e+01
6.241100000000000136e+01
5.839600000000000080e+01
3.252300000000000324e+01
5.713900000000000290e+01
9.468999999999999773e+01
9.741800000000000637e+01
7.971800000000000352e+01
5.204899999999999949e+01
5.914699999999999847e+01
8.780299999999999727e+01
7.855200000000000671e+01
8.535999999999999943e+01
6.022400000000000375e+01
6.125600000000000023e+01
4.518200000000000216e+01
6.918200000000000216e+01
8.021300000000000807e+01
8.960300000000000864e+01
6.641500000000000625e+01
6.853799999999999670e+01
3.239099999999999824e+01
1.877400000000000091e+01
5.679100000000000392e+01
3.616199999999999903e+01
6.536199999999999477e+01
4.600500000000000256e+01
6.688299999999999557e+01
5.584600000000000364e+01
4.961800000000000210e+01
6.318200000000000216e+01
4.771500000000000341e+01
6.950499999999999545e+01
8.685900000000000887e+01
3.064700000000000202e+01
7.509300000000000352e+01
6.939199999999999591e+01
7.551000000000000512e+01
7.420700000000000784e+01
4.468699999999999761e+01
8.050199999999999534e+01
6.977500000000000568e+01
5.602900000000000347e+01
5.641300000000000381e+01
5.037100000000000222e+01
3.533700000000000330e+01
5.730199999999999960e+01
5.332699999999999818e+01
7.058899999999999864e+01
5.365800000000000125e+01
3.931400000000000006e+01
7.093699999999999761e+01
5.802499999999999858e+01
4.942399999999999949e+01
1.374600000000000044e+01
9.050100000000000477e+01
9.118500000000000227e+01
5.372500000000000142e+01
9.426600000000000534e+01
5.978500000000000369e+01
7.035999999999999943e+01
5.490700000000000358e+01
7.323399999999999466e+01
4.410699999999999932e+01
6.998399999999999466e+01
8.853600000000000136e+01
4.867200000000000415e+01
8.532200000000000273e+01
5.404500000000000171e+01
5.758400000000000318e+01
9.004699999999999704e+01
6.787500000000000000e+01
8.302299999999999613e+01
5.300399999999999778e+01
8.509499999999999886e+01
4.192399999999999949e+01
6.942900000000000205e+01
5.436899999999999977e+01
8.413700000000000045e+01
4.194100000000000250e+01
9.257800000000000296e+01
8.718300000000000693e+01
8.027599999999999625e+01
7.075700000000000500e+01
3.848799999999999955e+01
7.804900000000000659e+01
5.391300000000000381e+01
7.011799999999999500e+01
7.953900000000000148e+01
9.355700000000000216e+01
5.839500000000000313e+01
8.643699999999999761e+01
5.944700000000000273e+01
9.469599999999999795e+01
8.567900000000000205e+01
7.352299999999999613e+01
7.256000000000000227e+01
8.357600000000000762e+01
9.615300000000000580e+01
2.696400000000000219e+01
6.433800000000000807e+01
6.653600000000000136e+01
5.517000000000000171e+01
8.239600000000000080e+01
4.448199999999999932e+01
8.100400000000000489e+01
9.609799999999999898e+01
4.564500000000000313e+01
9.272500000000000853e+01
6.376400000000000290e+01
5.578099999999999881e+01
6.368800000000000239e+01
3.545400000000000063e+01
7.135800000000000409e+01
8.373900000000000432e+01
7.840300000000000580e+01
3.892300000000000182e+01
5.849800000000000466e+01
6.875300000000000011e+01
5.714399999999999835e+01
3.763100000000000023e+01
9.950000000000000000e+01
5.958500000000000085e+01
8.526500000000000057e+01
6.699599999999999511e+01
7.575100000000000477e+01
8.909199999999999875e+01
7.219100000000000250e+01
6.452299999999999613e+01
8.795000000000000284e+01
7.570000000000000284e+01
5.493699999999999761e+01
4.646699999999999875e+01
7.043099999999999739e+01
9.878199999999999648e+01
6.477200000000000557e+01
4.533599999999999852e+01
4.689800000000000324e+01
4.745700000000000074e+01
8.090699999999999648e+01
5.653600000000000136e+01
3.485900000000000176e+01
6.053099999999999881e+01
7.533500000000000796e+01
5.030899999999999750e+01
6.133200000000000074e+01
9.848000000000000398e+01
6.411599999999999966e+01
5.722800000000000153e+01
7.783599999999999852e+01
7.018500000000000227e+01
5.548499999999999943e+01
9.073300000000000409e+01
9.470400000000000773e+01
3.280100000000000193e+01
8.350300000000000011e+01
9.674500000000000455e+01
6.997100000000000364e+01
7.109900000000000375e+01
7.309300000000000352e+01
5.124200000000000443e+01
6.366300000000000381e+01
8.122500000000000853e+01
5.933700000000000330e+01
4.809799999999999898e+01
3.837899999999999778e+01
7.489300000000000068e+01
5.034600000000000364e+01
6.164699999999999847e+01
5.385600000000000165e+01
7.464600000000000080e+01
5.293599999999999994e+01
4.239300000000000068e+01
5.917500000000000426e+01
7.789499999999999602e+01
4.241499999999999915e+01
3.069500000000000028e+01
9.638700000000000045e+01
8.246399999999999864e+01
5.925800000000000267e+01
8.496099999999999852e+01
6.670799999999999841e+01
6.521300000000000807e+01
8.063200000000000500e+01
2.524699999999999989e+01
9.597700000000000387e+01
6.543500000000000227e+01
9.912800000000000011e+01
6.364900000000000091e+01
9.300799999999999557e+01
7.065000000000000568e+01
6.519899999999999807e+01
5.513900000000000290e+01
7.764900000000000091e+01
7.543800000000000239e+01
7.591299999999999670e+01
5.832500000000000284e+01
9.238200000000000500e+01
7.539100000000000534e+01
9.153000000000000114e+01
9.471099999999999852e+01
6.396200000000000330e+01
7.829500000000000171e+01
5.978900000000000148e+01
6.790099999999999625e+01
3.611399999999999721e+01
9.766500000000000625e+01
4.887899999999999778e+01
5.920199999999999818e+01
5.375600000000000023e+01
5.193100000000000449e+01
4.600099999999999767e+01
3.548199999999999932e+01
3.054400000000000048e+01
7.237800000000000011e+01
7.037199999999999989e+01
6.364099999999999824e+01
5.652300000000000324e+01
5.667900000000000205e+01
7.496399999999999864e+01
6.079400000000000404e+01
