# lp/w = 1.5
# Pf/Ps = 1.75
# G = 1.0
# target = 20
# success rate = 99.9
3.571600000000000108e+01
4.140100000000000335e+01
4.669899999999999807e+01
3.996999999999999886e+01
2.881000000000000227e+01
2.721700000000000230e+01
2.205000000000000071e+01
4.524499999999999744e+01
4.560399999999999920e+01
3.702100000000000080e+01
3.403900000000000148e+01
2.231800000000000139e+01
4.438100000000000023e+01
2.705900000000000105e+01
3.533200000000000074e+01
3.231799999999999784e+01
2.441400000000000148e+01
5.096500000000000341e+01
5.009199999999999875e+01
5.729100000000000392e+01
3.389200000000000301e+01
6.675199999999999534e+01
3.160399999999999920e+01
4.083500000000000085e+01
3.577600000000000335e+01
3.999099999999999966e+01
2.575499999999999901e+01
2.810900000000000176e+01
3.663199999999999790e+01
4.396800000000000352e+01
5.320900000000000318e+01
3.203000000000000114e+01
3.777300000000000324e+01
3.778300000000000125e+01
2.573100000000000165e+01
3.433200000000000074e+01
2.055300000000000082e+01
6.330499999999999972e+01
3.511999999999999744e+01
4.335000000000000142e+01
2.811500000000000199e+01
5.063199999999999790e+01
3.471000000000000085e+01
3.725699999999999790e+01
5.464600000000000080e+01
1.864499999999999957e+01
5.249600000000000222e+01
3.830100000000000193e+01
7.769899999999999807e+01
3.636800000000000210e+01
3.601299999999999812e+01
7.514600000000000080e+01
4.872700000000000387e+01
2.844800000000000040e+01
6.410999999999999943e+01
2.870800000000000196e+01
5.656499999999999773e+01
4.643200000000000216e+01
3.703300000000000125e+01
4.010500000000000398e+01
2.539900000000000091e+01
4.515100000000000335e+01
3.110900000000000176e+01
6.755299999999999727e+01
4.228699999999999903e+01
2.782499999999999929e+01
3.187900000000000134e+01
3.801100000000000279e+01
4.074799999999999756e+01
2.655499999999999972e+01
3.695300000000000296e+01
3.683800000000000097e+01
4.226899999999999835e+01
3.801100000000000279e+01
1.878999999999999915e+01
3.576899999999999835e+01
1.889600000000000080e+01
4.642699999999999960e+01
4.290400000000000347e+01
3.226599999999999824e+01
3.516900000000000404e+01
3.451800000000000068e+01
3.303999999999999915e+01
6.333299999999999841e+01
4.411899999999999977e+01
4.707999999999999829e+01
2.874099999999999966e+01
3.331700000000000017e+01
3.943699999999999761e+01
4.845300000000000296e+01
3.934499999999999886e+01
3.637500000000000000e+01
1.973900000000000077e+01
4.986100000000000421e+01
4.504700000000000415e+01
2.231400000000000006e+01
4.543500000000000227e+01
3.167699999999999960e+01
4.035900000000000176e+01
3.149500000000000099e+01
3.610900000000000176e+01
3.876599999999999824e+01
4.404899999999999949e+01
6.103300000000000125e+01
3.817200000000000415e+01
1.936800000000000210e+01
6.968800000000000239e+01
4.081099999999999994e+01
1.973700000000000188e+01
3.706199999999999761e+01
6.208100000000000307e+01
3.667099999999999937e+01
5.720199999999999818e+01
3.517300000000000182e+01
8.829800000000000182e+01
4.763000000000000256e+01
5.576700000000000301e+01
2.323300000000000054e+01
3.253099999999999881e+01
2.550799999999999912e+01
5.029299999999999926e+01
4.664399999999999835e+01
2.528500000000000014e+01
3.575699999999999790e+01
4.956799999999999784e+01
3.100100000000000122e+01
4.046900000000000119e+01
4.672599999999999909e+01
2.478999999999999915e+01
4.195100000000000051e+01
3.202900000000000347e+01
2.208399999999999963e+01
2.525600000000000023e+01
2.853800000000000026e+01
4.474099999999999966e+01
4.129400000000000404e+01
3.823400000000000176e+01
5.065299999999999869e+01
3.774799999999999756e+01
3.135099999999999909e+01
7.129099999999999682e+01
3.076500000000000057e+01
3.140300000000000225e+01
3.450399999999999778e+01
4.910300000000000153e+01
6.278099999999999881e+01
5.607200000000000273e+01
5.683700000000000330e+01
3.342799999999999727e+01
3.439500000000000313e+01
5.339000000000000057e+01
2.832100000000000151e+01
2.912199999999999989e+01
3.802499999999999858e+01
3.950099999999999767e+01
7.275499999999999545e+01
2.243200000000000216e+01
6.100100000000000477e+01
2.452100000000000080e+01
1.940700000000000003e+01
3.569400000000000261e+01
4.295900000000000318e+01
3.709300000000000352e+01
3.473499999999999943e+01
4.949399999999999977e+01
6.394599999999999795e+01
6.926099999999999568e+01
2.941799999999999926e+01
3.662199999999999989e+01
2.959700000000000131e+01
2.862900000000000134e+01
3.231600000000000250e+01
4.703300000000000125e+01
5.458100000000000307e+01
1.859799999999999898e+01
2.814499999999999957e+01
4.250500000000000256e+01
2.988200000000000145e+01
4.880100000000000193e+01
3.791199999999999903e+01
3.651200000000000045e+01
3.453099999999999881e+01
2.610500000000000043e+01
3.161899999999999977e+01
4.661800000000000210e+01
2.622100000000000009e+01
3.321900000000000119e+01
3.931499999999999773e+01
4.666600000000000392e+01
3.137999999999999901e+01
3.056200000000000117e+01
5.151500000000000057e+01
4.463000000000000256e+01
5.327499999999999858e+01
4.155700000000000216e+01
3.877199999999999847e+01
3.808100000000000307e+01
4.961100000000000421e+01
3.521600000000000108e+01
3.441900000000000404e+01
3.690500000000000114e+01
2.565599999999999881e+01
4.375099999999999767e+01
6.275699999999999790e+01
2.410000000000000142e+01
3.256000000000000227e+01
2.931400000000000006e+01
4.455400000000000205e+01
2.642999999999999972e+01
2.758900000000000219e+01
4.795300000000000296e+01
4.018999999999999773e+01
7.259499999999999886e+01
4.572800000000000153e+01
5.730600000000000449e+01
3.945499999999999829e+01
3.722299999999999898e+01
9.599200000000000443e+01
2.683800000000000097e+01
3.870300000000000296e+01
5.558800000000000097e+01
3.447400000000000375e+01
4.984900000000000375e+01
6.431400000000000716e+01
3.789500000000000313e+01
5.089200000000000301e+01
1.883300000000000196e+01
3.543200000000000216e+01
2.513299999999999912e+01
2.637900000000000134e+01
3.573899999999999721e+01
2.800700000000000145e+01
2.246999999999999886e+01
3.477499999999999858e+01
5.423100000000000165e+01
7.223399999999999466e+01
7.140500000000000114e+01
2.274099999999999966e+01
5.008800000000000097e+01
3.230400000000000205e+01
6.705899999999999750e+01
2.508399999999999963e+01
5.415800000000000125e+01
3.816400000000000148e+01
4.901400000000000290e+01
4.346000000000000085e+01
3.892799999999999727e+01
3.678600000000000136e+01
4.359799999999999898e+01
6.608899999999999864e+01
1.956500000000000128e+01
3.392799999999999727e+01
3.499399999999999977e+01
3.352799999999999869e+01
2.732499999999999929e+01
3.978800000000000381e+01
3.394700000000000273e+01
4.633100000000000307e+01
3.463300000000000267e+01
5.274099999999999966e+01
2.930700000000000216e+01
2.205100000000000193e+01
6.498499999999999943e+01
3.597400000000000375e+01
4.889200000000000301e+01
3.004200000000000159e+01
4.024199999999999733e+01
3.558800000000000097e+01
4.217000000000000171e+01
3.006099999999999994e+01
2.896400000000000219e+01
6.235500000000000398e+01
3.784799999999999898e+01
2.649600000000000222e+01
2.053200000000000003e+01
4.068299999999999983e+01
3.748600000000000421e+01
4.268200000000000216e+01
3.964600000000000080e+01
5.331600000000000250e+01
4.050699999999999790e+01
3.392900000000000205e+01
2.938400000000000034e+01
1.874699999999999989e+01
2.571199999999999974e+01
3.447400000000000375e+01
6.276500000000000057e+01
5.535999999999999943e+01
5.006799999999999784e+01
4.360399999999999920e+01
5.206600000000000250e+01
3.584300000000000352e+01
4.477799999999999869e+01
3.445199999999999818e+01
4.687800000000000011e+01
4.498300000000000409e+01
5.934100000000000108e+01
3.902600000000000335e+01
3.931799999999999784e+01
3.913300000000000267e+01
7.966800000000000637e+01
4.275000000000000000e+01
3.412800000000000011e+01
2.325199999999999889e+01
2.972700000000000031e+01
3.816400000000000148e+01
4.858500000000000085e+01
6.163499999999999801e+01
3.441199999999999903e+01
3.719599999999999795e+01
5.127100000000000080e+01
3.886699999999999733e+01
3.980400000000000205e+01
2.437199999999999989e+01
2.061299999999999955e+01
4.221699999999999875e+01
3.733599999999999852e+01
2.929899999999999949e+01
4.206000000000000227e+01
4.256300000000000239e+01
2.577599999999999980e+01
4.627900000000000347e+01
6.230199999999999960e+01
4.882000000000000028e+01
3.150799999999999912e+01
4.490200000000000102e+01
1.638100000000000023e+01
4.370799999999999841e+01
4.462100000000000222e+01
2.869399999999999906e+01
3.716900000000000404e+01
4.834700000000000131e+01
4.773900000000000432e+01
3.234300000000000352e+01
3.486800000000000210e+01
5.505799999999999983e+01
4.104200000000000159e+01
5.569599999999999795e+01
3.902400000000000091e+01
5.016400000000000148e+01
3.261599999999999966e+01
1.812099999999999866e+01
3.026800000000000068e+01
4.243800000000000239e+01
5.153999999999999915e+01
5.525500000000000256e+01
3.727000000000000313e+01
3.536899999999999977e+01
3.960300000000000153e+01
2.719000000000000128e+01
3.673899999999999721e+01
5.010000000000000142e+01
3.871900000000000119e+01
2.527299999999999969e+01
6.727500000000000568e+01
2.691499999999999915e+01
4.256700000000000017e+01
2.538599999999999923e+01
5.267600000000000193e+01
3.766000000000000369e+01
5.710200000000000387e+01
3.080300000000000082e+01
2.739600000000000080e+01
2.340399999999999991e+01
3.683599999999999852e+01
5.851700000000000301e+01
3.861800000000000210e+01
3.378999999999999915e+01
3.511200000000000188e+01
4.218699999999999761e+01
3.366199999999999903e+01
6.374699999999999989e+01
4.694100000000000250e+01
2.998199999999999932e+01
4.203699999999999903e+01
4.625399999999999778e+01
4.394700000000000273e+01
3.987100000000000222e+01
3.906199999999999761e+01
3.910099999999999909e+01
5.682000000000000028e+01
4.853900000000000148e+01
2.601900000000000190e+01
5.349800000000000466e+01
2.838899999999999935e+01
4.290500000000000114e+01
4.627400000000000091e+01
3.016900000000000048e+01
2.872599999999999909e+01
3.162699999999999889e+01
2.870500000000000185e+01
2.643900000000000006e+01
2.295700000000000074e+01
5.241100000000000136e+01
5.164000000000000057e+01
3.119699999999999918e+01
5.175600000000000023e+01
3.375699999999999790e+01
1.173700000000000010e+01
2.751000000000000156e+01
5.384900000000000375e+01
4.494100000000000250e+01
4.817300000000000182e+01
2.456599999999999895e+01
4.377600000000000335e+01
2.720899999999999963e+01
3.192200000000000060e+01
2.867200000000000060e+01
5.664699999999999847e+01
3.393500000000000227e+01
2.750000000000000000e+01
3.031800000000000139e+01
5.345300000000000296e+01
6.085200000000000387e+01
4.025099999999999767e+01
3.348400000000000176e+01
2.118499999999999872e+01
2.844699999999999918e+01
3.069300000000000139e+01
3.157199999999999918e+01
2.994399999999999906e+01
2.240099999999999980e+01
4.393200000000000216e+01
2.600199999999999889e+01
2.424000000000000199e+01
3.255299999999999727e+01
2.617399999999999949e+01
2.318299999999999983e+01
2.407000000000000028e+01
3.371699999999999875e+01
3.716799999999999926e+01
4.375099999999999767e+01
2.095599999999999952e+01
4.847800000000000153e+01
2.322400000000000020e+01
3.375200000000000244e+01
4.551200000000000045e+01
3.824199999999999733e+01
5.366499999999999915e+01
4.127600000000000335e+01
5.805900000000000460e+01
5.028300000000000125e+01
3.933200000000000074e+01
4.368999999999999773e+01
4.693100000000000449e+01
2.313700000000000045e+01
5.296300000000000097e+01
2.938100000000000023e+01
2.792699999999999960e+01
1.766700000000000159e+01
2.984100000000000108e+01
2.768299999999999983e+01
3.228699999999999903e+01
5.187000000000000455e+01
4.099399999999999977e+01
3.205299999999999727e+01
4.687400000000000233e+01
9.588400000000000034e+01
2.387600000000000122e+01
3.994200000000000017e+01
7.149399999999999977e+01
2.762000000000000099e+01
2.946100000000000207e+01
3.094099999999999895e+01
5.533400000000000318e+01
4.532500000000000284e+01
2.938500000000000156e+01
4.047400000000000375e+01
5.285300000000000153e+01
5.901599999999999824e+01
3.832500000000000284e+01
2.496300000000000097e+01
4.196999999999999886e+01
2.558900000000000219e+01
5.246399999999999864e+01
3.153300000000000125e+01
5.148000000000000398e+01
4.819100000000000250e+01
4.279899999999999949e+01
2.373900000000000077e+01
3.035600000000000165e+01
3.574499999999999744e+01
4.944400000000000261e+01
4.550300000000000011e+01
5.906400000000000006e+01
2.892399999999999949e+01
3.051500000000000057e+01
3.688600000000000279e+01
3.961500000000000199e+01
3.840800000000000125e+01
3.833299999999999841e+01
2.603999999999999915e+01
4.039200000000000301e+01
5.787000000000000455e+01
3.644899999999999807e+01
5.956900000000000261e+01
4.245900000000000318e+01
3.195100000000000051e+01
4.267099999999999937e+01
3.254400000000000404e+01
5.395600000000000307e+01
1.800199999999999889e+01
2.848100000000000165e+01
4.090200000000000102e+01
3.584300000000000352e+01
4.147200000000000131e+01
2.834400000000000119e+01
4.062700000000000244e+01
2.395700000000000074e+01
4.764500000000000313e+01
2.212900000000000134e+01
4.372500000000000142e+01
4.376899999999999835e+01
2.381299999999999883e+01
2.944300000000000139e+01
2.676800000000000068e+01
5.212199999999999989e+01
5.105199999999999960e+01
4.565200000000000102e+01
3.170500000000000185e+01
8.351600000000000534e+01
5.054599999999999937e+01
3.327700000000000102e+01
4.302700000000000102e+01
3.208100000000000307e+01
3.696200000000000330e+01
3.221000000000000085e+01
2.646000000000000085e+01
4.528699999999999903e+01
5.373000000000000398e+01
1.581099999999999994e+01
1.679400000000000048e+01
3.103500000000000014e+01
4.303900000000000148e+01
6.019200000000000017e+01
4.353200000000000358e+01
2.982900000000000063e+01
3.299000000000000199e+01
4.299300000000000210e+01
3.987199999999999989e+01
6.909300000000000352e+01
5.757000000000000028e+01
2.565700000000000003e+01
5.492699999999999960e+01
5.342699999999999960e+01
4.100300000000000011e+01
6.061500000000000199e+01
3.537299999999999756e+01
3.748000000000000398e+01
3.214399999999999835e+01
1.908099999999999952e+01
2.681700000000000017e+01
3.795700000000000074e+01
4.241199999999999903e+01
5.542000000000000171e+01
2.036800000000000210e+01
2.529899999999999949e+01
3.162199999999999989e+01
2.503500000000000014e+01
1.885399999999999920e+01
4.074000000000000199e+01
2.785900000000000176e+01
2.698100000000000165e+01
4.005300000000000438e+01
6.009600000000000364e+01
2.663599999999999923e+01
5.204200000000000159e+01
4.224600000000000222e+01
4.107800000000000296e+01
7.619400000000000261e+01
4.173700000000000188e+01
1.638299999999999912e+01
2.368200000000000216e+01
6.865099999999999625e+01
3.415400000000000347e+01
5.189300000000000068e+01
5.138100000000000023e+01
2.847400000000000020e+01
4.543900000000000006e+01
4.587700000000000244e+01
2.224699999999999989e+01
6.089800000000000324e+01
3.590100000000000335e+01
2.706299999999999883e+01
4.378600000000000136e+01
3.637899999999999778e+01
5.221500000000000341e+01
4.769100000000000250e+01
3.037999999999999901e+01
3.750300000000000011e+01
3.798199999999999932e+01
2.260500000000000043e+01
4.121000000000000085e+01
1.975900000000000034e+01
1.260299999999999976e+01
5.684499999999999886e+01
2.018100000000000094e+01
7.432000000000000739e+01
6.157200000000000273e+01
4.197800000000000153e+01
5.529800000000000182e+01
3.923600000000000421e+01
5.703399999999999892e+01
5.206900000000000261e+01
5.398799999999999955e+01
5.196500000000000341e+01
7.486199999999999477e+01
4.339399999999999835e+01
4.617000000000000171e+01
2.666400000000000148e+01
5.278699999999999903e+01
3.053300000000000125e+01
2.501300000000000168e+01
5.419299999999999784e+01
6.005700000000000216e+01
6.723399999999999466e+01
3.513600000000000279e+01
3.470300000000000296e+01
5.760200000000000387e+01
3.021499999999999986e+01
3.450999999999999801e+01
3.920700000000000074e+01
3.685900000000000176e+01
5.100800000000000267e+01
2.996400000000000219e+01
6.040599999999999881e+01
4.030000000000000426e+01
2.766199999999999903e+01
3.773300000000000409e+01
3.121700000000000230e+01
4.892999999999999972e+01
5.585999999999999943e+01
4.851800000000000068e+01
5.206199999999999761e+01
3.623000000000000398e+01
2.911599999999999966e+01
2.318299999999999983e+01
3.663100000000000023e+01
4.107200000000000273e+01
1.964300000000000068e+01
3.786400000000000432e+01
3.657300000000000040e+01
3.721999999999999886e+01
2.621300000000000097e+01
4.868900000000000006e+01
3.671800000000000352e+01
3.280499999999999972e+01
3.425399999999999778e+01
3.620000000000000284e+01
1.964700000000000202e+01
3.584900000000000375e+01
2.012199999999999989e+01
2.941100000000000136e+01
2.271999999999999886e+01
4.361200000000000188e+01
5.099600000000000222e+01
4.153999999999999915e+01
4.040500000000000114e+01
3.618200000000000216e+01
2.400000000000000000e+01
3.857800000000000296e+01
1.351999999999999957e+01
4.072800000000000153e+01
4.620100000000000051e+01
2.770200000000000173e+01
2.875700000000000145e+01
2.812900000000000134e+01
3.123600000000000065e+01
3.741199999999999903e+01
4.335200000000000387e+01
4.200500000000000256e+01
2.762699999999999889e+01
2.720899999999999963e+01
4.007300000000000040e+01
5.457500000000000284e+01
2.413599999999999923e+01
3.129899999999999949e+01
1.491999999999999993e+01
4.425399999999999778e+01
5.503900000000000148e+01
2.649600000000000222e+01
4.309000000000000341e+01
4.631700000000000017e+01
4.834100000000000108e+01
4.014300000000000068e+01
5.996699999999999875e+01
2.457400000000000162e+01
3.501299999999999812e+01
3.430700000000000216e+01
3.536200000000000188e+01
3.325300000000000011e+01
3.577799999999999869e+01
5.540200000000000102e+01
4.228900000000000148e+01
3.019699999999999918e+01
4.122800000000000153e+01
2.673100000000000165e+01
2.925499999999999901e+01
3.435999999999999943e+01
4.943599999999999994e+01
2.447800000000000153e+01
4.966100000000000136e+01
3.533299999999999841e+01
3.266600000000000392e+01
4.384700000000000131e+01
3.705400000000000205e+01
4.775399999999999778e+01
2.602700000000000102e+01
3.382900000000000063e+01
2.631099999999999994e+01
4.549600000000000222e+01
3.796699999999999875e+01
6.277600000000000335e+01
4.599099999999999966e+01
4.423900000000000432e+01
3.233400000000000318e+01
7.666599999999999682e+01
2.528900000000000148e+01
3.890400000000000347e+01
6.053300000000000125e+01
4.276200000000000045e+01
6.629900000000000659e+01
3.410800000000000409e+01
4.335900000000000176e+01
3.270000000000000284e+01
4.746999999999999886e+01
6.441100000000000136e+01
5.095900000000000318e+01
5.238600000000000279e+01
5.434400000000000119e+01
5.946999999999999886e+01
2.612199999999999989e+01
5.107000000000000028e+01
3.096000000000000085e+01
5.005700000000000216e+01
2.754100000000000037e+01
3.531000000000000227e+01
4.450000000000000000e+01
4.237599999999999767e+01
3.312899999999999778e+01
2.792000000000000171e+01
5.949099999999999966e+01
3.997200000000000131e+01
4.269800000000000040e+01
2.915800000000000125e+01
3.814099999999999824e+01
3.340299999999999869e+01
2.212100000000000222e+01
2.648100000000000165e+01
3.774799999999999756e+01
5.034100000000000108e+01
4.019400000000000261e+01
5.012899999999999778e+01
2.582799999999999940e+01
3.168599999999999994e+01
3.044300000000000139e+01
4.745799999999999841e+01
5.092900000000000205e+01
2.957799999999999940e+01
4.271999999999999886e+01
3.915400000000000347e+01
2.750199999999999889e+01
3.137999999999999901e+01
5.549800000000000466e+01
3.860600000000000165e+01
3.154800000000000182e+01
2.214100000000000179e+01
3.411800000000000210e+01
2.656500000000000128e+01
6.476999999999999602e+01
2.746300000000000097e+01
3.187600000000000122e+01
4.993599999999999994e+01
3.721099999999999852e+01
3.195700000000000074e+01
5.914300000000000068e+01
3.477799999999999869e+01
3.798000000000000398e+01
6.074099999999999966e+01
2.439400000000000190e+01
3.480100000000000193e+01
2.728300000000000125e+01
2.537500000000000000e+01
4.274499999999999744e+01
4.435099999999999909e+01
3.715400000000000347e+01
2.883999999999999986e+01
7.842499999999999716e+01
3.484700000000000131e+01
2.851200000000000045e+01
4.055700000000000216e+01
6.370400000000000063e+01
3.024300000000000210e+01
4.537899999999999778e+01
7.221200000000000330e+01
3.263799999999999812e+01
3.276899999999999835e+01
4.721800000000000352e+01
6.559799999999999898e+01
3.300900000000000034e+01
2.545100000000000051e+01
8.085899999999999466e+01
5.244200000000000017e+01
4.167099999999999937e+01
6.501000000000000512e+01
1.874599999999999866e+01
3.044600000000000151e+01
3.401500000000000057e+01
4.017900000000000205e+01
2.414199999999999946e+01
6.275000000000000000e+01
7.244599999999999795e+01
6.154700000000000415e+01
2.919399999999999906e+01
1.737399999999999878e+01
3.153200000000000003e+01
3.128000000000000114e+01
3.157300000000000040e+01
4.438799999999999812e+01
1.886500000000000199e+01
3.142300000000000182e+01
2.206400000000000006e+01
3.242799999999999727e+01
2.675700000000000145e+01
5.043200000000000216e+01
3.716900000000000404e+01
3.790800000000000125e+01
4.273300000000000409e+01
2.056500000000000128e+01
3.693399999999999750e+01
2.768700000000000117e+01
6.372899999999999920e+01
2.752599999999999980e+01
4.689399999999999835e+01
6.850100000000000477e+01
5.303900000000000148e+01
5.770400000000000063e+01
1.858500000000000085e+01
4.356400000000000006e+01
4.600399999999999778e+01
3.738900000000000290e+01
6.832699999999999818e+01
3.253800000000000381e+01
3.565100000000000335e+01
5.729599999999999937e+01
4.720700000000000074e+01
2.974099999999999966e+01
3.905700000000000216e+01
1.154599999999999937e+01
7.610599999999999454e+01
4.076800000000000068e+01
4.431600000000000250e+01
3.155100000000000193e+01
3.207699999999999818e+01
3.067000000000000171e+01
4.295300000000000296e+01
6.023300000000000409e+01
4.387400000000000233e+01
2.568100000000000094e+01
4.654500000000000171e+01
4.296500000000000341e+01
4.407500000000000284e+01
1.823199999999999932e+01
2.770100000000000051e+01
4.015800000000000125e+01
3.238300000000000267e+01
4.032500000000000284e+01
5.300900000000000034e+01
2.719000000000000128e+01
5.453500000000000369e+01
3.791600000000000392e+01
2.755600000000000094e+01
4.660000000000000142e+01
3.120100000000000051e+01
4.746399999999999864e+01
2.783000000000000185e+01
3.603600000000000136e+01
5.128600000000000136e+01
6.943600000000000705e+01
3.550099999999999767e+01
5.029700000000000415e+01
3.143100000000000094e+01
3.134900000000000020e+01
4.751800000000000068e+01
2.155900000000000105e+01
3.128800000000000026e+01
2.008300000000000196e+01
3.601700000000000301e+01
3.935200000000000387e+01
2.985200000000000031e+01
2.573199999999999932e+01
2.430700000000000216e+01
8.422899999999999920e+01
3.983899999999999864e+01
2.673300000000000054e+01
4.429800000000000182e+01
4.753600000000000136e+01
3.747100000000000364e+01
3.023600000000000065e+01
2.267200000000000060e+01
3.832300000000000040e+01
6.486499999999999488e+01
4.845400000000000063e+01
7.234000000000000341e+01
3.008000000000000185e+01
3.625399999999999778e+01
3.280799999999999983e+01
2.738400000000000034e+01
4.717200000000000415e+01
2.892000000000000171e+01
3.496500000000000341e+01
5.468900000000000006e+01
2.686500000000000199e+01
7.657699999999999818e+01
3.143299999999999983e+01
5.565400000000000347e+01
5.653399999999999892e+01
2.862300000000000111e+01
4.104299999999999926e+01
5.019200000000000017e+01
4.974500000000000455e+01
3.196400000000000219e+01
4.630400000000000205e+01
4.568200000000000216e+01
2.596499999999999986e+01
2.468200000000000216e+01
2.583900000000000219e+01
4.919100000000000250e+01
2.460099999999999909e+01
3.841700000000000159e+01
3.796600000000000108e+01
3.854500000000000171e+01
3.461999999999999744e+01
2.635099999999999909e+01
2.834499999999999886e+01
3.840200000000000102e+01
3.497200000000000131e+01
4.268399999999999750e+01
1.448600000000000065e+01
3.271800000000000352e+01
3.228699999999999903e+01
5.579700000000000415e+01
5.753000000000000114e+01
5.118800000000000239e+01
3.418500000000000227e+01
3.369700000000000273e+01
3.680700000000000216e+01
2.147100000000000009e+01
2.900499999999999901e+01
6.041300000000000381e+01
3.157600000000000051e+01
1.190600000000000058e+01
6.483700000000000330e+01
2.612199999999999989e+01
3.744800000000000040e+01
4.642600000000000193e+01
1.829899999999999949e+01
2.927700000000000102e+01
4.077199999999999847e+01
3.839399999999999835e+01
3.659900000000000375e+01
4.742699999999999960e+01
2.466600000000000037e+01
4.517699999999999960e+01
3.832500000000000284e+01
2.614900000000000091e+01
6.147299999999999898e+01
5.386599999999999966e+01
3.278000000000000114e+01
2.119999999999999929e+01
4.816400000000000148e+01
7.187999999999999545e+01
6.366700000000000159e+01
1.752500000000000213e+01
4.479599999999999937e+01
4.004800000000000182e+01
4.303900000000000148e+01
4.026899999999999835e+01
5.619800000000000040e+01
3.500500000000000256e+01
2.751300000000000168e+01
3.600900000000000034e+01
4.137100000000000222e+01
4.257500000000000284e+01
4.724200000000000443e+01
3.816300000000000381e+01
3.837199999999999989e+01
1.960900000000000176e+01
6.948999999999999488e+01
4.263499999999999801e+01
3.382999999999999829e+01
2.382199999999999918e+01
2.328800000000000026e+01
4.311100000000000421e+01
2.650700000000000145e+01
1.819900000000000162e+01
3.264999999999999858e+01
5.620700000000000074e+01
8.002299999999999613e+01
