# lp/w = 1.5
# Pf/Ps = 1.25
# G = 1.0
# target = 10.0
# success rate = 44.5
1.423230000000000075e+02
2.347609999999999957e+02
1.744200000000000017e+01
1.777429999999999950e+02
2.763129999999999882e+02
3.264390000000000214e+02
1.568079999999999927e+02
3.262529999999999859e+02
2.525010000000000048e+02
1.119669999999999987e+02
4.225060000000000286e+02
9.499800000000000466e+01
5.014519999999999982e+02
3.355849999999999795e+02
4.200649999999999977e+02
6.857300000000000750e+01
1.181280000000000001e+02
2.643500000000000227e+01
6.856600000000000250e+01
1.798770000000000095e+02
2.046330000000000098e+02
8.559199999999999875e+01
1.758340000000000032e+02
1.533600000000000136e+02
7.101800000000000068e+01
7.024750000000000227e+02
6.003690000000000282e+02
6.709499999999999886e+01
2.468670000000000186e+02
2.430700000000000216e+01
7.306400000000000716e+01
7.856000000000000227e+01
6.879399999999999693e+01
7.408759999999999764e+02
2.089770000000000039e+02
2.109699999999999989e+02
3.285989999999999895e+02
1.287640000000000100e+02
1.069630000000000081e+02
3.542640000000000100e+02
5.019320000000000164e+02
3.738199999999999790e+01
6.984400000000000830e+01
5.507300000000000040e+01
5.345240000000000009e+02
1.032660000000000053e+02
7.336400000000000432e+01
6.500100000000000477e+01
6.204400000000000404e+01
7.016000000000000014e+00
1.111629999999999967e+02
8.512029999999999745e+02
8.296480000000000246e+02
8.868399999999999750e+01
8.530819999999999936e+02
4.408930000000000291e+02
2.456740000000000066e+02
1.485360000000000014e+02
9.588100000000000023e+01
1.120690000000000026e+02
1.155630000000000024e+02
7.356300000000000239e+01
5.394400000000000261e+01
4.229500000000000171e+01
3.908800000000000097e+01
3.763499999999999801e+01
5.354400000000000404e+01
1.022420000000000044e+02
8.496800000000000352e+01
1.428799999999999955e+02
3.127069999999999936e+02
1.083209999999999980e+02
7.487199999999999989e+01
2.525420000000000016e+02
9.246159999999999854e+02
3.142930000000000064e+02
1.708000000000000185e+01
5.685190000000000055e+02
2.919060000000000059e+02
2.087120000000000175e+02
3.699199999999999733e+01
2.771999999999999886e+01
5.783000000000000362e+00
1.081490000000000009e+02
2.402350000000000136e+02
4.384900000000000091e+02
5.764600000000000080e+01
3.620010000000000332e+02
6.365310000000000628e+02
6.916030000000000655e+02
1.411620000000000061e+02
4.571170000000000186e+02
2.474740000000000180e+02
6.296589999999999918e+02
1.213600000000000101e+01
1.682040000000000077e+02
3.983100000000000307e+01
2.263899999999999935e+01
6.914700000000000557e+01
3.169900000000000162e+01
1.712680000000000007e+02
4.861500000000000341e+02
5.727749999999999773e+02
2.521100000000000207e+01
4.857500000000000284e+01
9.749200000000000443e+01
4.306299999999999955e+02
5.153519999999999754e+02
1.621239999999999952e+02
1.045769999999999982e+02
7.557820000000000391e+02
1.246350000000000051e+02
5.888000000000000256e+01
6.700199999999999534e+01
6.812500000000000000e+01
1.675540000000000020e+02
2.055219999999999914e+02
3.823760000000000332e+02
1.375430000000000064e+02
9.836299999999999955e+01
4.743040000000000305e+02
7.047700000000000387e+01
5.977400000000000091e+01
6.776600000000000534e+01
2.125889999999999986e+02
4.900649999999999977e+02
7.971000000000000085e+00
1.254330000000000069e+02
5.001400000000000290e+01
4.707289999999999850e+02
6.296000000000000085e+01
3.657990000000000350e+02
2.682649999999999864e+02
1.380039999999999907e+02
4.126200000000000045e+01
1.011290000000000049e+02
2.840149999999999864e+02
1.606200000000000117e+01
2.907600000000000051e+01
1.379290000000000020e+02
8.017570000000000618e+02
8.173300000000000409e+01
9.473900000000000432e+01
7.687699999999999534e+01
2.080109999999999957e+02
7.235710000000000264e+02
8.806199999999999761e+01
1.051520000000000010e+02
3.430079999999999814e+02
1.445360000000000014e+02
9.842400000000000659e+01
2.257830000000000155e+02
8.898460000000000036e+02
3.203600000000000136e+02
3.507699999999999818e+01
2.328300000000000125e+01
1.550699999999999967e+01
7.025199999999999534e+01
1.821199999999999974e+01
4.500500000000000256e+01
2.353000000000000114e+01
2.268799999999999955e+02
6.500829999999999700e+02
1.454700000000000060e+01
5.301800000000000068e+01
1.028320000000000078e+02
3.800099999999999767e+01
4.505799999999999983e+01
2.235600000000000165e+01
2.963260000000000218e+02
2.396850000000000023e+02
1.482740000000000009e+02
4.443500000000000227e+01
5.713199999999999790e+01
8.071800000000000352e+01
2.889499999999999957e+01
8.563000000000000611e+00
2.666200000000000045e+02
6.395000000000000284e+01
6.417640000000000100e+02
4.125699999999999790e+01
1.772920000000000016e+02
2.051740000000000066e+02
1.379410000000000025e+02
6.432900000000000773e+01
6.560000000000000497e+00
7.492100000000000648e+01
4.745409999999999968e+02
2.206160000000000139e+02
2.852130000000000223e+02
1.421300000000000097e+01
2.191200000000000045e+02
2.363700000000000045e+01
1.548200000000000109e+01
6.994899999999999807e+01
3.939800000000000324e+01
3.112000000000000099e+01
1.810709999999999980e+02
3.158399999999999963e+01
1.593190000000000168e+02
1.396719999999999970e+02
1.764910000000000139e+02
4.538600000000000279e+01
4.017600000000000193e+01
9.063809999999999718e+02
4.627700000000000102e+01
7.983599999999999852e+01
1.566099999999999959e+01
7.283400000000000318e+01
2.289000000000000057e+02
5.370000000000000284e+01
3.868770000000000095e+02
4.768410000000000082e+02
2.725830000000000268e+02
2.616150000000000091e+02
2.068290000000000077e+02
1.955300000000000082e+01
2.128040000000000020e+02
1.701659999999999968e+02
4.628389999999999986e+02
1.454900000000000091e+02
1.994569999999999936e+02
3.312710000000000150e+02
5.178899999999999864e+02
2.646410000000000196e+02
6.912730000000000246e+02
3.553059999999999832e+02
1.933679999999999950e+02
3.708960000000000150e+02
5.829200000000000159e+01
3.080520000000000209e+02
7.663700000000000045e+01
1.734130000000000109e+02
7.769400000000000261e+01
3.144739999999999895e+02
4.610200000000000387e+01
2.137000000000000099e+01
4.783000000000000362e+00
8.046900000000000830e+01
1.940660000000000025e+02
6.821200000000000330e+01
3.402810000000000059e+02
3.535800000000000409e+01
4.013990000000000009e+02
2.844429999999999836e+02
8.201220000000000709e+02
5.215899999999999892e+01
1.076460000000000008e+02
5.714900000000000091e+01
2.425080000000000098e+02
2.908840000000000146e+02
2.419209999999999923e+02
2.634800000000000182e+02
3.104100000000000037e+01
1.885879999999999939e+02
4.486670000000000300e+02
3.613430000000000177e+02
2.009199999999999875e+01
1.465289999999999964e+02
1.828600000000000136e+01
2.161390000000000100e+02
1.374869999999999948e+02
7.071999999999999886e+01
3.366100000000000136e+02
8.452800000000000580e+01
1.883200000000000074e+01
4.614739999999999895e+02
5.933400000000000318e+01
1.065769999999999982e+02
8.128900000000000148e+01
2.064170000000000016e+02
1.787199999999999989e+02
1.144099999999999966e+02
2.132890000000000157e+02
4.175300000000000011e+01
9.184000000000001052e+00
1.149060000000000059e+02
2.369650000000000034e+02
2.120570000000000164e+02
9.583299999999999841e+01
2.306150000000000091e+02
1.205570000000000022e+02
5.777100000000000080e+01
1.034000000000000057e+02
2.621000000000000085e+01
1.104540000000000077e+02
5.707800000000000296e+01
1.154459999999999980e+02
1.701740000000000066e+02
5.319780000000000655e+02
1.095600000000000023e+02
4.587199999999999989e+01
5.574700000000000273e+02
8.725700000000000500e+01
3.136800000000000210e+01
9.263500000000000512e+01
1.105160000000000053e+02
2.968400000000000318e+02
1.026080000000000041e+02
1.892729999999999961e+02
8.579590000000000600e+02
2.860399999999999920e+01
3.232669999999999959e+02
2.528029999999999973e+02
2.919540000000000077e+02
1.088859999999999957e+02
5.370790000000000646e+02
3.900600000000000023e+01
5.495650000000000546e+02
6.720300000000000296e+01
3.576460000000000150e+02
5.052600000000000335e+01
2.220970000000000084e+02
9.779200000000000159e+01
1.076470000000000056e+02
5.923849999999999909e+02
1.317050000000000125e+02
7.715999999999999659e+01
6.308700000000000330e+01
3.236599999999999966e+01
6.852280000000000655e+02
3.296979999999999791e+02
6.827299999999999613e+01
7.284600000000000364e+01
1.257799999999999940e+01
3.276279999999999859e+02
7.828799999999999955e+02
1.817040000000000077e+02
6.626000000000000512e+01
3.108399999999999963e+01
1.157999999999999972e+02
6.641899999999999693e+01
1.340000000000000036e+01
1.195300000000000011e+02
1.495769999999999982e+02
2.299360000000000070e+02
9.205599999999999739e+01
9.710900000000000887e+01
5.348700000000000188e+01
6.679900000000000659e+01
1.140970000000000084e+02
1.177100000000000080e+01
2.040800000000000125e+01
5.893599999999999994e+01
8.954000000000000625e+01
3.476299999999999812e+01
5.326720000000000255e+02
3.931860000000000355e+02
5.101899999999999835e+01
1.863520000000000039e+02
9.043000000000000682e+01
4.943400000000000318e+02
6.572100000000000364e+01
4.513700000000000045e+01
7.834999999999999964e+00
7.973039999999999736e+02
3.477900000000000347e+01
1.659440000000000168e+02
1.343900000000000006e+01
1.233970000000000056e+02
5.381600000000000250e+01
1.844020000000000152e+02
5.287630000000000337e+02
4.764300000000000068e+01
7.210879999999999654e+02
2.638070000000000164e+02
4.485070000000000050e+02
1.551870000000000118e+02
5.627530000000000427e+02
1.536899999999999977e+01
1.275229999999999961e+02
3.045299999999999940e+01
7.000300000000000011e+01
6.162300000000000466e+01
1.624500000000000171e+02
3.170380000000000109e+02
4.595799999999999841e+01
1.570140000000000100e+02
3.869929999999999950e+02
2.963400000000000318e+02
1.791140000000000043e+02
1.342760000000000105e+02
9.236499999999999488e+01
6.247599999999999909e+01
2.490610000000000070e+02
1.295459999999999923e+02
1.428230000000000075e+02
1.830750000000000171e+02
3.438570000000000277e+02
2.514199999999999946e+01
3.385670000000000073e+02
3.641400000000000148e+01
5.645030000000000427e+02
3.216799999999999926e+01
4.535300000000000153e+01
4.320869999999999891e+02
4.543100000000000449e+01
1.565399999999999991e+01
2.752769999999999868e+02
9.787099999999999511e+01
3.299800000000000182e+02
1.020520000000000067e+02
1.080829999999999984e+02
9.796130000000000564e+02
1.889060000000000059e+02
6.099300000000000637e+02
6.192930000000000064e+02
1.519480000000000075e+02
8.380500000000000682e+01
2.602730000000000246e+02
5.609400000000000119e+01
1.119390000000000072e+02
8.156499999999999773e+01
2.140579999999999927e+02
6.149239999999999782e+02
1.012930000000000064e+02
7.194289999999999736e+02
5.900600000000000023e+01
3.725370000000000346e+02
7.625400000000000489e+01
2.476270000000000095e+02
2.053300000000000125e+01
1.143799999999999955e+02
5.625040000000000191e+02
2.354890000000000043e+02
7.012500000000000000e+01
3.613770000000000095e+02
1.354879999999999995e+02
5.116400000000000148e+01
1.873350000000000080e+02
1.474399999999999977e+01
5.810000000000000142e+01
1.227650000000000006e+02
1.496610000000000014e+02
3.222289999999999850e+02
5.839679999999999609e+02
1.204429999999999978e+02
5.462199999999999989e+01
6.463400000000000034e+01
3.427579999999999814e+02
1.042289999999999992e+02
2.770040000000000191e+02
1.272469999999999999e+02
1.048089999999999975e+02
3.254479999999999791e+02
