# lp/w = 1.5
# Pf/Ps = 1.25
# G = 1.0
# target = 20
# success rate = 3.3
3.556000000000000227e+01
9.714799999999999613e+01
9.335500000000000398e+01
9.882000000000000739e+01
6.554900000000000659e+01
9.992499999999999716e+01
3.744400000000000261e+01
9.872299999999999898e+01
8.364300000000000068e+01
7.240800000000000125e+01
8.473000000000000398e+01
6.142900000000000205e+01
9.307999999999999829e+01
8.453799999999999670e+01
5.883200000000000074e+01
4.569299999999999784e+01
6.229800000000000182e+01
9.032000000000000739e+01
7.573999999999999488e+01
9.113200000000000500e+01
8.878600000000000136e+01
9.997400000000000375e+01
8.751900000000000546e+01
9.082000000000000739e+01
7.232300000000000750e+01
9.830500000000000682e+01
9.801699999999999591e+01
5.532900000000000063e+01
8.947500000000000853e+01
8.239600000000000080e+01
6.889000000000000057e+01
6.224699999999999989e+01
9.959499999999999886e+01
