# lp/w = 1.5
# Pf/Ps = 2.0
# G = 1.0
# target = 20
# success rate = 100.0
3.848300000000000409e+01
2.223600000000000065e+01
2.409299999999999997e+01
2.194099999999999895e+01
1.971399999999999864e+01
3.509600000000000364e+01
4.115599999999999881e+01
2.303500000000000014e+01
2.397599999999999909e+01
2.002400000000000091e+01
3.410099999999999909e+01
1.703099999999999881e+01
2.258200000000000074e+01
2.328999999999999915e+01
1.723199999999999932e+01
2.562000000000000099e+01
2.019099999999999895e+01
3.884100000000000108e+01
1.616199999999999903e+01
2.698600000000000065e+01
1.977500000000000213e+01
2.050400000000000134e+01
2.033300000000000196e+01
3.541100000000000136e+01
2.173700000000000188e+01
3.543099999999999739e+01
3.403200000000000358e+01
2.584400000000000119e+01
3.208100000000000307e+01
2.033300000000000196e+01
2.149099999999999966e+01
3.163899999999999935e+01
1.945500000000000185e+01
2.589499999999999957e+01
1.475800000000000090e+01
2.766499999999999915e+01
1.382200000000000095e+01
3.084400000000000119e+01
1.522600000000000087e+01
2.371199999999999974e+01
2.225700000000000145e+01
1.025500000000000078e+01
2.912500000000000000e+01
2.787600000000000122e+01
3.746800000000000352e+01
3.356199999999999761e+01
2.470899999999999963e+01
3.398600000000000421e+01
1.846600000000000108e+01
2.204800000000000182e+01
2.078200000000000003e+01
1.953800000000000026e+01
2.517099999999999937e+01
2.033999999999999986e+01
2.548799999999999955e+01
2.443500000000000227e+01
5.261200000000000188e+01
2.038500000000000156e+01
2.404500000000000171e+01
3.198100000000000165e+01
3.246900000000000119e+01
3.680000000000000426e+01
3.467500000000000426e+01
2.974300000000000210e+01
3.036800000000000210e+01
2.037699999999999889e+01
2.892399999999999949e+01
3.682600000000000051e+01
4.352100000000000080e+01
2.639900000000000091e+01
1.945200000000000173e+01
2.405499999999999972e+01
2.046400000000000219e+01
1.855499999999999972e+01
2.330199999999999960e+01
2.538500000000000156e+01
2.015200000000000102e+01
2.844399999999999906e+01
4.114000000000000057e+01
2.957700000000000173e+01
2.696199999999999974e+01
3.906900000000000261e+01
1.775900000000000034e+01
1.872400000000000020e+01
2.179599999999999937e+01
3.148300000000000054e+01
2.951000000000000156e+01
2.009199999999999875e+01
2.681299999999999883e+01
2.035000000000000142e+01
3.034499999999999886e+01
3.137800000000000011e+01
2.682499999999999929e+01
3.559799999999999898e+01
2.846199999999999974e+01
2.687699999999999889e+01
3.730299999999999727e+01
3.874699999999999989e+01
2.216600000000000037e+01
3.028500000000000014e+01
1.998400000000000176e+01
2.640800000000000125e+01
1.703200000000000003e+01
2.660600000000000165e+01
2.038800000000000168e+01
3.044699999999999918e+01
4.339200000000000301e+01
3.242799999999999727e+01
1.826399999999999935e+01
2.943400000000000105e+01
2.472299999999999898e+01
3.594200000000000017e+01
2.233600000000000207e+01
2.141499999999999915e+01
2.338599999999999923e+01
1.708099999999999952e+01
2.414499999999999957e+01
2.392900000000000205e+01
2.939400000000000190e+01
3.183699999999999974e+01
2.866700000000000159e+01
2.004100000000000037e+01
2.410900000000000176e+01
2.039199999999999946e+01
3.182499999999999929e+01
2.691799999999999926e+01
3.711699999999999733e+01
1.403299999999999947e+01
3.089700000000000202e+01
1.868499999999999872e+01
1.362199999999999989e+01
1.837900000000000134e+01
3.223100000000000165e+01
2.672200000000000131e+01
1.266900000000000048e+01
2.726399999999999935e+01
1.816400000000000148e+01
3.082700000000000173e+01
2.787900000000000134e+01
2.676300000000000168e+01
1.989000000000000057e+01
1.986100000000000065e+01
2.821499999999999986e+01
1.663599999999999923e+01
2.952200000000000202e+01
4.284700000000000131e+01
3.955400000000000205e+01
2.561899999999999977e+01
1.705999999999999872e+01
3.306300000000000239e+01
2.183800000000000097e+01
2.730400000000000205e+01
2.719999999999999929e+01
1.894800000000000040e+01
2.126099999999999923e+01
1.920800000000000196e+01
2.773300000000000054e+01
3.114499999999999957e+01
3.488000000000000256e+01
2.120500000000000185e+01
1.706299999999999883e+01
1.832499999999999929e+01
2.205900000000000105e+01
2.057100000000000151e+01
1.541500000000000092e+01
1.979200000000000159e+01
1.330000000000000071e+01
3.314099999999999824e+01
1.851999999999999957e+01
2.498199999999999932e+01
1.577899999999999991e+01
2.374699999999999989e+01
1.501999999999999957e+01
2.919300000000000139e+01
2.243599999999999994e+01
3.211500000000000199e+01
2.558300000000000196e+01
2.817200000000000060e+01
1.363700000000000045e+01
3.460900000000000176e+01
2.487999999999999901e+01
4.217399999999999949e+01
1.824399999999999977e+01
2.339700000000000202e+01
3.372599999999999909e+01
2.477299999999999969e+01
2.010500000000000043e+01
2.713299999999999912e+01
1.713599999999999923e+01
1.778600000000000136e+01
4.088100000000000023e+01
2.630000000000000071e+01
2.410200000000000031e+01
1.357699999999999996e+01
2.127200000000000202e+01
2.005600000000000094e+01
2.615500000000000114e+01
1.427599999999999980e+01
3.595400000000000063e+01
2.370700000000000074e+01
2.977800000000000225e+01
1.877299999999999969e+01
2.088500000000000156e+01
2.122800000000000153e+01
2.488200000000000145e+01
2.303300000000000125e+01
3.753699999999999903e+01
1.617099999999999937e+01
3.986899999999999977e+01
2.379400000000000048e+01
2.451200000000000045e+01
1.710500000000000043e+01
2.729599999999999937e+01
1.735099999999999909e+01
2.442699999999999960e+01
2.003800000000000026e+01
2.076099999999999923e+01
2.131200000000000117e+01
2.595599999999999952e+01
1.718199999999999861e+01
2.862100000000000222e+01
3.153500000000000014e+01
2.258600000000000207e+01
2.373100000000000165e+01
1.528599999999999959e+01
2.770599999999999952e+01
3.381700000000000017e+01
2.783900000000000219e+01
1.683200000000000074e+01
2.841600000000000037e+01
2.970899999999999963e+01
1.883899999999999864e+01
1.908000000000000185e+01
2.578200000000000003e+01
2.051800000000000068e+01
2.184900000000000020e+01
3.621399999999999864e+01
4.833400000000000318e+01
3.185399999999999920e+01
3.550500000000000256e+01
1.297700000000000031e+01
1.850900000000000034e+01
2.469200000000000017e+01
1.189400000000000013e+01
1.788800000000000168e+01
2.786800000000000210e+01
2.722800000000000153e+01
3.791600000000000392e+01
2.550900000000000034e+01
2.342000000000000171e+01
3.120700000000000074e+01
2.291300000000000026e+01
3.348199999999999932e+01
2.477700000000000102e+01
3.352300000000000324e+01
2.389000000000000057e+01
1.424000000000000021e+01
1.708800000000000097e+01
1.547000000000000064e+01
1.932600000000000051e+01
2.242399999999999949e+01
4.240299999999999869e+01
2.069300000000000139e+01
2.389700000000000202e+01
2.538299999999999912e+01
2.105300000000000082e+01
2.800900000000000034e+01
1.984600000000000009e+01
4.536299999999999955e+01
2.404700000000000060e+01
3.977700000000000102e+01
2.649000000000000199e+01
3.108800000000000097e+01
3.359300000000000352e+01
3.314000000000000057e+01
2.770599999999999952e+01
2.304299999999999926e+01
2.239700000000000202e+01
2.613700000000000045e+01
9.301000000000000156e+00
2.100199999999999889e+01
2.436400000000000077e+01
1.321600000000000108e+01
1.746699999999999875e+01
3.753699999999999903e+01
1.558800000000000097e+01
2.619999999999999929e+01
2.909900000000000020e+01
2.836200000000000188e+01
3.502600000000000335e+01
1.667399999999999949e+01
3.769899999999999807e+01
4.278399999999999892e+01
2.389199999999999946e+01
3.325900000000000034e+01
1.888599999999999923e+01
2.001999999999999957e+01
3.349499999999999744e+01
1.862999999999999901e+01
2.736100000000000065e+01
3.676800000000000068e+01
3.355499999999999972e+01
1.898799999999999955e+01
2.586800000000000210e+01
3.531199999999999761e+01
2.750000000000000000e+01
1.584900000000000020e+01
3.299799999999999756e+01
2.092200000000000060e+01
2.742600000000000193e+01
1.790700000000000003e+01
3.646900000000000119e+01
2.984700000000000131e+01
1.442200000000000060e+01
2.562399999999999878e+01
4.285999999999999943e+01
1.295000000000000107e+01
7.947000000000000064e+00
2.437699999999999889e+01
2.691700000000000159e+01
3.125000000000000000e+01
2.898799999999999955e+01
1.792900000000000205e+01
3.060999999999999943e+01
2.938400000000000034e+01
2.030199999999999960e+01
1.816000000000000014e+01
1.760200000000000031e+01
2.206599999999999895e+01
1.058099999999999952e+01
2.446999999999999886e+01
1.939799999999999969e+01
2.033500000000000085e+01
1.330600000000000094e+01
1.364600000000000080e+01
3.359799999999999898e+01
2.407199999999999918e+01
2.556000000000000227e+01
2.601200000000000045e+01
4.886100000000000421e+01
1.919500000000000028e+01
2.062099999999999866e+01
1.526400000000000112e+01
1.746900000000000119e+01
2.162999999999999901e+01
2.410699999999999932e+01
1.486800000000000033e+01
1.820599999999999952e+01
5.002400000000000091e+01
1.518500000000000050e+01
2.432000000000000028e+01
2.329899999999999949e+01
3.300500000000000256e+01
2.285500000000000043e+01
1.491200000000000081e+01
2.940800000000000125e+01
1.168800000000000061e+01
2.409499999999999886e+01
2.533900000000000219e+01
4.359199999999999875e+01
2.914199999999999946e+01
2.404500000000000171e+01
2.392800000000000082e+01
2.422899999999999920e+01
1.853300000000000125e+01
2.522700000000000031e+01
1.728699999999999903e+01
2.031400000000000006e+01
1.161299999999999955e+01
2.187100000000000222e+01
2.935200000000000031e+01
2.266199999999999903e+01
2.291199999999999903e+01
3.685099999999999909e+01
1.775400000000000134e+01
2.952599999999999980e+01
2.082100000000000151e+01
2.428399999999999892e+01
1.155300000000000082e+01
2.233900000000000219e+01
1.997599999999999909e+01
3.817799999999999727e+01
3.054100000000000037e+01
2.479299999999999926e+01
2.203600000000000136e+01
2.140200000000000102e+01
1.977500000000000213e+01
2.416499999999999915e+01
3.249000000000000199e+01
1.787600000000000122e+01
2.641600000000000037e+01
2.940300000000000225e+01
1.759799999999999898e+01
1.652499999999999858e+01
3.763499999999999801e+01
1.736200000000000188e+01
8.519999999999999574e+00
2.732000000000000028e+01
2.180000000000000071e+01
3.318900000000000006e+01
2.473400000000000176e+01
3.185800000000000054e+01
2.990099999999999980e+01
2.278699999999999903e+01
2.003099999999999881e+01
2.677700000000000102e+01
2.706299999999999883e+01
2.761500000000000199e+01
2.720299999999999940e+01
2.493299999999999983e+01
1.884299999999999997e+01
2.774800000000000111e+01
3.726299999999999812e+01
1.301200000000000045e+01
2.221699999999999875e+01
3.130400000000000205e+01
2.603000000000000114e+01
2.686599999999999966e+01
1.741400000000000148e+01
2.223900000000000077e+01
2.672899999999999920e+01
1.640200000000000102e+01
1.741300000000000026e+01
2.859200000000000230e+01
3.519700000000000273e+01
3.729500000000000171e+01
2.626300000000000168e+01
3.055499999999999972e+01
2.453000000000000114e+01
2.340099999999999980e+01
2.628699999999999903e+01
2.331400000000000006e+01
2.940500000000000114e+01
4.083500000000000085e+01
1.629700000000000060e+01
2.406299999999999883e+01
2.948799999999999955e+01
3.008800000000000097e+01
2.396199999999999974e+01
2.732100000000000151e+01
3.766300000000000381e+01
2.121900000000000119e+01
3.185200000000000031e+01
2.276699999999999946e+01
3.004299999999999926e+01
2.133800000000000097e+01
1.435800000000000054e+01
1.465000000000000036e+01
3.092900000000000205e+01
2.080300000000000082e+01
2.145400000000000063e+01
2.473000000000000043e+01
3.841700000000000159e+01
2.139400000000000190e+01
2.310600000000000165e+01
1.842900000000000205e+01
2.607900000000000063e+01
2.927400000000000091e+01
1.781299999999999883e+01
2.007499999999999929e+01
2.467600000000000193e+01
3.279599999999999937e+01
3.377300000000000324e+01
1.510599999999999987e+01
4.014000000000000057e+01
9.540000000000000924e+00
1.813400000000000034e+01
1.692699999999999960e+01
3.189000000000000057e+01
1.945899999999999963e+01
3.068700000000000117e+01
3.145299999999999940e+01
2.593799999999999883e+01
5.019800000000000040e+01
1.657600000000000051e+01
1.889300000000000068e+01
2.085800000000000054e+01
2.485800000000000054e+01
1.416999999999999993e+01
2.621499999999999986e+01
2.954599999999999937e+01
2.725300000000000011e+01
3.380299999999999727e+01
2.620200000000000173e+01
1.895200000000000173e+01
1.942900000000000205e+01
1.760300000000000153e+01
2.874399999999999977e+01
1.776500000000000057e+01
1.879500000000000171e+01
2.891799999999999926e+01
1.724099999999999966e+01
2.902299999999999969e+01
2.228500000000000014e+01
2.153300000000000125e+01
3.651700000000000301e+01
2.863400000000000034e+01
2.017300000000000182e+01
2.438100000000000023e+01
2.596300000000000097e+01
4.941499999999999915e+01
3.101000000000000156e+01
3.126000000000000156e+01
2.295299999999999940e+01
2.473799999999999955e+01
2.178099999999999881e+01
3.545199999999999818e+01
2.890899999999999892e+01
2.713800000000000168e+01
1.310200000000000031e+01
1.597300000000000075e+01
1.589700000000000024e+01
4.073799999999999955e+01
2.843100000000000094e+01
3.166400000000000148e+01
1.953399999999999892e+01
1.458500000000000085e+01
1.455600000000000094e+01
2.611899999999999977e+01
2.409900000000000020e+01
1.910200000000000031e+01
2.917399999999999949e+01
3.117800000000000082e+01
2.182799999999999940e+01
2.605900000000000105e+01
2.302700000000000102e+01
2.454800000000000182e+01
2.787400000000000233e+01
3.354299999999999926e+01
2.285200000000000031e+01
3.047899999999999920e+01
3.323499999999999943e+01
2.726900000000000190e+01
2.077299999999999969e+01
2.029700000000000060e+01
1.738800000000000168e+01
2.341100000000000136e+01
3.514099999999999824e+01
2.975000000000000000e+01
1.728200000000000003e+01
3.935900000000000176e+01
2.239400000000000190e+01
2.481099999999999994e+01
3.382699999999999818e+01
1.882100000000000151e+01
1.849099999999999966e+01
2.989199999999999946e+01
2.902100000000000080e+01
4.064099999999999824e+01
1.918200000000000216e+01
1.563000000000000078e+01
1.816700000000000159e+01
2.102500000000000213e+01
2.454800000000000182e+01
3.598700000000000188e+01
1.556400000000000006e+01
2.227599999999999980e+01
3.836699999999999733e+01
4.792800000000000438e+01
2.597599999999999909e+01
2.960699999999999932e+01
2.190500000000000114e+01
2.655799999999999983e+01
1.980499999999999972e+01
2.200700000000000145e+01
2.218599999999999994e+01
1.871300000000000097e+01
3.190600000000000236e+01
2.555000000000000071e+01
2.019800000000000040e+01
2.583399999999999963e+01
3.358100000000000307e+01
2.760699999999999932e+01
2.324899999999999878e+01
2.113200000000000145e+01
2.286299999999999955e+01
2.354800000000000182e+01
2.294099999999999895e+01
2.670899999999999963e+01
2.598900000000000077e+01
2.658999999999999986e+01
2.450700000000000145e+01
2.260900000000000176e+01
1.491300000000000026e+01
2.945299999999999940e+01
1.637000000000000099e+01
2.137399999999999878e+01
4.235500000000000398e+01
2.613299999999999912e+01
2.600199999999999889e+01
3.905700000000000216e+01
2.827700000000000102e+01
2.246699999999999875e+01
2.894999999999999929e+01
2.250300000000000011e+01
3.347400000000000375e+01
3.389500000000000313e+01
2.698400000000000176e+01
2.536100000000000065e+01
3.827900000000000347e+01
3.164499999999999957e+01
2.101200000000000045e+01
3.720000000000000284e+01
1.926000000000000156e+01
3.246300000000000097e+01
2.674000000000000199e+01
1.906500000000000128e+01
2.213100000000000023e+01
2.162900000000000134e+01
2.191600000000000037e+01
2.532100000000000151e+01
4.173600000000000421e+01
1.773199999999999932e+01
2.491600000000000037e+01
2.293100000000000094e+01
2.142200000000000060e+01
3.413900000000000290e+01
3.073400000000000176e+01
2.741499999999999915e+01
1.622700000000000031e+01
1.856800000000000139e+01
3.264099999999999824e+01
2.493100000000000094e+01
2.748499999999999943e+01
3.912299999999999756e+01
1.644699999999999918e+01
2.867300000000000182e+01
1.840800000000000125e+01
2.628200000000000003e+01
1.892999999999999972e+01
3.339399999999999835e+01
2.352400000000000091e+01
1.476900000000000013e+01
2.152200000000000202e+01
1.502500000000000036e+01
2.969200000000000017e+01
2.190800000000000125e+01
2.226699999999999946e+01
2.258900000000000219e+01
2.071600000000000108e+01
2.756500000000000128e+01
1.303500000000000014e+01
3.251299999999999812e+01
2.313100000000000023e+01
2.726000000000000156e+01
2.437699999999999889e+01
3.144200000000000017e+01
3.696999999999999886e+01
1.979500000000000171e+01
2.126699999999999946e+01
3.378800000000000381e+01
3.592300000000000182e+01
2.442500000000000071e+01
1.894099999999999895e+01
3.323899999999999721e+01
1.758800000000000097e+01
1.009800000000000075e+01
3.967200000000000415e+01
3.415200000000000102e+01
4.294700000000000273e+01
1.850600000000000023e+01
2.996799999999999997e+01
2.492000000000000171e+01
1.835600000000000165e+01
1.434299999999999997e+01
2.734299999999999997e+01
3.134299999999999997e+01
2.431000000000000227e+01
2.733600000000000207e+01
3.026600000000000179e+01
2.637100000000000222e+01
2.562900000000000134e+01
1.274200000000000088e+01
2.704400000000000048e+01
2.511700000000000088e+01
3.140600000000000236e+01
3.090800000000000125e+01
2.002299999999999969e+01
3.274199999999999733e+01
2.062099999999999866e+01
2.481000000000000227e+01
2.710300000000000153e+01
3.118400000000000105e+01
2.373000000000000043e+01
1.541500000000000092e+01
2.977599999999999980e+01
2.273499999999999943e+01
1.465399999999999991e+01
2.640399999999999991e+01
3.303000000000000114e+01
1.661299999999999955e+01
2.144000000000000128e+01
1.141300000000000026e+01
2.631700000000000017e+01
1.818799999999999883e+01
2.396499999999999986e+01
2.401399999999999935e+01
2.476900000000000190e+01
2.214000000000000057e+01
2.022100000000000009e+01
2.071400000000000219e+01
1.936800000000000210e+01
1.316699999999999982e+01
2.703200000000000003e+01
2.506400000000000006e+01
1.665700000000000003e+01
2.263700000000000045e+01
2.092800000000000082e+01
3.202600000000000335e+01
2.737500000000000000e+01
3.323600000000000421e+01
2.351099999999999923e+01
1.364499999999999957e+01
2.868100000000000094e+01
1.300800000000000090e+01
2.140800000000000125e+01
2.165899999999999892e+01
3.247700000000000387e+01
3.031599999999999895e+01
2.330199999999999960e+01
5.350500000000000256e+01
3.876700000000000301e+01
2.674900000000000233e+01
2.750000000000000000e+01
4.315100000000000335e+01
1.312700000000000067e+01
2.248400000000000176e+01
2.407600000000000051e+01
2.668500000000000227e+01
1.054100000000000037e+01
2.289799999999999969e+01
1.440300000000000047e+01
3.073400000000000176e+01
1.787699999999999889e+01
1.860600000000000165e+01
2.516300000000000026e+01
2.643299999999999983e+01
2.043700000000000117e+01
2.060800000000000054e+01
4.038799999999999812e+01
2.943900000000000006e+01
2.854400000000000048e+01
1.819399999999999906e+01
2.150100000000000122e+01
3.006099999999999994e+01
2.559299999999999997e+01
2.267500000000000071e+01
2.830199999999999960e+01
2.707799999999999940e+01
1.875199999999999889e+01
2.326200000000000045e+01
2.466600000000000037e+01
2.838899999999999935e+01
3.825000000000000000e+01
1.722299999999999898e+01
2.056500000000000128e+01
2.736800000000000210e+01
3.016100000000000136e+01
2.839900000000000091e+01
2.574600000000000222e+01
4.937000000000000455e+01
2.488700000000000045e+01
2.180999999999999872e+01
1.428200000000000003e+01
3.699399999999999977e+01
1.580700000000000038e+01
2.444399999999999906e+01
1.253100000000000058e+01
2.421000000000000085e+01
2.474500000000000099e+01
2.337399999999999878e+01
2.624500000000000099e+01
2.946000000000000085e+01
2.011400000000000077e+01
2.533500000000000085e+01
2.853500000000000014e+01
2.712500000000000000e+01
2.910000000000000142e+01
2.710300000000000153e+01
2.464700000000000202e+01
2.911200000000000188e+01
2.519600000000000151e+01
1.410800000000000054e+01
3.067300000000000182e+01
1.690599999999999881e+01
2.193400000000000105e+01
2.211299999999999955e+01
3.348600000000000421e+01
1.919600000000000151e+01
3.491499999999999915e+01
3.776299999999999812e+01
2.528000000000000114e+01
2.397800000000000153e+01
2.269600000000000151e+01
1.421100000000000030e+01
1.959700000000000131e+01
4.702100000000000080e+01
2.468100000000000094e+01
3.112100000000000222e+01
2.707900000000000063e+01
3.251700000000000301e+01
1.388600000000000101e+01
2.636800000000000210e+01
2.221199999999999974e+01
1.774500000000000099e+01
2.203399999999999892e+01
1.124000000000000021e+01
1.312899999999999956e+01
1.831899999999999906e+01
4.133200000000000074e+01
3.447500000000000142e+01
2.243499999999999872e+01
1.889199999999999946e+01
2.112300000000000111e+01
2.755799999999999983e+01
2.039799999999999969e+01
2.986800000000000210e+01
2.782000000000000028e+01
2.871499999999999986e+01
3.132900000000000063e+01
3.540400000000000347e+01
1.658200000000000074e+01
2.197100000000000009e+01
3.140300000000000225e+01
2.328500000000000014e+01
2.469999999999999929e+01
2.029599999999999937e+01
2.457900000000000063e+01
2.741199999999999903e+01
2.630300000000000082e+01
3.369700000000000273e+01
3.075100000000000122e+01
2.296300000000000097e+01
2.160600000000000165e+01
1.750600000000000023e+01
1.106300000000000061e+01
4.145600000000000307e+01
1.776200000000000045e+01
2.269800000000000040e+01
1.454100000000000037e+01
2.276900000000000190e+01
1.714499999999999957e+01
2.154599999999999937e+01
2.335399999999999920e+01
1.117600000000000016e+01
4.949900000000000233e+01
2.521999999999999886e+01
2.002500000000000213e+01
3.116700000000000159e+01
2.607300000000000040e+01
3.750000000000000000e+01
2.632100000000000151e+01
2.589499999999999957e+01
2.898799999999999955e+01
2.168700000000000117e+01
1.795400000000000063e+01
1.739000000000000057e+01
3.548400000000000176e+01
1.824099999999999966e+01
1.981200000000000117e+01
3.518699999999999761e+01
2.220700000000000074e+01
1.667600000000000193e+01
3.150600000000000023e+01
2.952800000000000225e+01
2.149500000000000099e+01
2.060600000000000165e+01
2.762500000000000000e+01
2.202899999999999991e+01
4.655300000000000438e+01
1.181300000000000061e+01
1.530700000000000038e+01
2.254700000000000060e+01
2.561200000000000188e+01
2.755900000000000105e+01
1.024699999999999989e+01
3.509799999999999898e+01
2.081700000000000017e+01
3.138700000000000045e+01
3.917600000000000193e+01
2.308900000000000219e+01
3.400999999999999801e+01
2.916100000000000136e+01
3.698499999999999943e+01
3.524699999999999989e+01
1.778699999999999903e+01
3.038400000000000034e+01
1.717200000000000060e+01
2.995800000000000196e+01
2.247800000000000153e+01
3.082000000000000028e+01
3.159600000000000009e+01
1.796399999999999864e+01
1.660399999999999920e+01
2.648700000000000188e+01
1.734799999999999898e+01
2.075100000000000122e+01
2.747599999999999909e+01
2.199899999999999878e+01
3.171900000000000119e+01
2.317099999999999937e+01
1.842800000000000082e+01
1.765800000000000125e+01
2.118400000000000105e+01
3.490299999999999869e+01
1.782400000000000162e+01
2.722599999999999909e+01
1.547700000000000031e+01
1.797299999999999898e+01
3.523100000000000165e+01
3.942500000000000426e+01
1.845800000000000196e+01
2.803699999999999903e+01
3.057799999999999940e+01
2.849399999999999977e+01
2.294300000000000139e+01
2.457100000000000151e+01
1.550399999999999956e+01
2.826300000000000168e+01
2.621900000000000119e+01
2.630400000000000205e+01
3.901700000000000301e+01
2.793299999999999983e+01
2.794399999999999906e+01
2.208099999999999952e+01
2.954800000000000182e+01
1.164900000000000091e+01
3.671099999999999852e+01
2.300499999999999901e+01
2.814000000000000057e+01
2.597400000000000020e+01
2.353300000000000125e+01
2.249399999999999977e+01
2.536899999999999977e+01
3.008900000000000219e+01
3.407200000000000273e+01
3.159600000000000009e+01
2.225799999999999912e+01
2.781700000000000017e+01
1.989100000000000179e+01
2.717999999999999972e+01
2.325100000000000122e+01
3.305599999999999739e+01
2.303800000000000026e+01
3.229100000000000392e+01
2.522400000000000020e+01
1.835500000000000043e+01
2.290500000000000114e+01
2.330999999999999872e+01
1.964799999999999969e+01
2.802899999999999991e+01
2.833200000000000074e+01
2.249899999999999878e+01
2.196499999999999986e+01
3.154700000000000060e+01
3.102299999999999969e+01
1.992600000000000193e+01
2.683099999999999952e+01
2.198700000000000188e+01
2.959700000000000131e+01
2.570299999999999940e+01
3.407399999999999807e+01
1.784400000000000119e+01
1.441699999999999982e+01
1.721300000000000097e+01
2.371300000000000097e+01
2.964900000000000091e+01
2.630199999999999960e+01
2.137199999999999989e+01
2.160399999999999920e+01
1.416099999999999959e+01
3.466499999999999915e+01
2.682000000000000028e+01
1.853300000000000125e+01
2.037199999999999989e+01
1.390399999999999991e+01
2.673000000000000043e+01
1.697700000000000031e+01
2.022100000000000009e+01
1.287500000000000000e+01
2.177400000000000091e+01
1.724599999999999866e+01
2.501500000000000057e+01
1.961899999999999977e+01
3.008600000000000207e+01
1.853800000000000026e+01
2.114000000000000057e+01
2.866799999999999926e+01
3.242399999999999949e+01
1.878900000000000148e+01
2.293299999999999983e+01
3.269899999999999807e+01
2.593900000000000006e+01
1.684700000000000131e+01
2.065299999999999869e+01
1.478100000000000058e+01
2.287999999999999901e+01
2.058300000000000196e+01
2.450100000000000122e+01
2.303500000000000014e+01
