# lp/w = 1.5
# Pf/Ps = 1.75
# G = 1.0
# target = 10
# success rate = 100.0
1.552100000000000080e+01
1.669300000000000139e+01
8.621000000000000441e+00
2.365099999999999980e+01
1.507699999999999996e+01
3.185500000000000043e+01
1.997400000000000020e+01
1.788800000000000168e+01
1.473099999999999987e+01
8.153999999999999915e+00
2.618799999999999883e+01
2.076800000000000068e+01
1.562300000000000111e+01
3.065399999999999991e+01
1.611100000000000065e+01
1.860000000000000142e+01
1.216999999999999993e+01
3.574600000000000222e+01
2.118700000000000117e+01
1.457699999999999996e+01
1.286500000000000021e+01
1.805900000000000105e+01
1.757300000000000040e+01
9.852000000000000313e+00
6.924999999999999822e+00
1.840200000000000102e+01
1.448600000000000065e+01
3.754100000000000392e+01
1.796300000000000097e+01
2.084299999999999997e+01
1.159200000000000053e+01
1.941000000000000014e+01
2.369800000000000040e+01
2.389100000000000179e+01
4.972000000000000419e+00
1.983999999999999986e+01
2.700300000000000011e+01
2.967200000000000060e+01
1.410400000000000098e+01
8.460000000000000853e+00
2.940300000000000225e+01
2.603399999999999892e+01
9.781000000000000583e+00
1.132699999999999996e+01
1.010200000000000031e+01
7.637999999999999901e+00
1.940800000000000125e+01
2.427599999999999980e+01
3.447800000000000153e+01
1.647500000000000142e+01
1.654899999999999949e+01
2.218799999999999883e+01
1.650499999999999901e+01
1.447400000000000020e+01
2.445599999999999952e+01
8.989000000000000767e+00
2.561500000000000199e+01
1.386500000000000021e+01
1.071300000000000097e+01
9.471000000000000085e+00
1.023099999999999987e+01
1.788500000000000156e+01
1.742800000000000082e+01
1.387400000000000055e+01
2.562199999999999989e+01
1.071199999999999974e+01
2.848000000000000043e+01
2.430400000000000205e+01
3.035300000000000153e+01
9.304999999999999716e+00
1.348600000000000065e+01
1.489199999999999946e+01
1.653900000000000148e+01
1.010299999999999976e+01
1.578000000000000114e+01
1.176400000000000112e+01
2.175900000000000034e+01
6.379000000000000448e+00
2.488700000000000045e+01
2.692800000000000082e+01
2.327200000000000202e+01
2.171000000000000085e+01
1.055799999999999983e+01
3.041900000000000048e+01
2.882499999999999929e+01
2.696400000000000219e+01
1.897100000000000009e+01
2.167000000000000171e+01
1.503899999999999970e+01
3.440599999999999881e+01
3.390599999999999881e+01
9.846000000000000085e+00
1.109600000000000009e+01
1.578200000000000003e+01
2.348400000000000176e+01
2.279200000000000159e+01
2.271699999999999875e+01
9.080000000000000071e+00
1.866300000000000026e+01
2.383200000000000074e+01
2.438599999999999923e+01
5.573799999999999955e+01
1.306799999999999962e+01
2.443900000000000006e+01
7.741999999999999993e+00
4.839999999999999858e+00
1.805100000000000193e+01
2.942000000000000171e+01
2.504700000000000060e+01
2.310500000000000043e+01
1.808099999999999952e+01
1.032200000000000095e+01
1.394599999999999973e+01
1.054400000000000048e+01
1.208500000000000085e+01
2.294999999999999929e+01
3.081599999999999895e+01
9.657000000000000028e+00
1.080300000000000082e+01
2.858900000000000219e+01
1.291600000000000037e+01
2.275700000000000145e+01
1.978300000000000125e+01
2.294500000000000028e+01
2.467500000000000071e+01
1.606200000000000117e+01
1.598600000000000065e+01
5.397000000000000242e+00
4.092999999999999972e+01
1.273900000000000077e+01
9.727000000000000313e+00
1.934499999999999886e+01
1.832300000000000040e+01
1.755499999999999972e+01
1.417999999999999972e+01
1.872599999999999909e+01
9.865000000000000213e+00
3.924399999999999977e+01
4.793599999999999994e+01
2.874600000000000222e+01
1.531300000000000061e+01
6.705000000000000071e+00
2.544000000000000128e+01
2.146499999999999986e+01
1.222100000000000009e+01
1.670200000000000173e+01
1.024600000000000044e+01
1.723300000000000054e+01
2.976399999999999935e+01
2.148000000000000043e+01
3.118100000000000094e+01
2.140099999999999980e+01
1.370899999999999963e+01
1.398700000000000010e+01
1.895400000000000063e+01
1.750700000000000145e+01
1.308699999999999974e+01
3.550300000000000011e+01
6.884000000000000341e+00
4.919000000000000483e+00
1.565500000000000114e+01
2.529599999999999937e+01
2.087800000000000011e+01
1.165600000000000058e+01
1.510100000000000087e+01
1.578100000000000058e+01
1.427200000000000024e+01
3.602300000000000324e+01
2.045700000000000074e+01
2.273300000000000054e+01
2.183099999999999952e+01
1.102800000000000047e+01
1.600700000000000145e+01
2.793900000000000006e+01
1.291000000000000014e+01
2.381899999999999906e+01
1.635600000000000165e+01
1.485299999999999976e+01
4.078500000000000369e+01
1.682199999999999918e+01
3.081200000000000117e+01
1.835999999999999943e+01
1.823000000000000043e+01
2.179500000000000171e+01
2.239100000000000179e+01
1.845800000000000196e+01
2.016900000000000048e+01
7.238999999999999879e+00
1.005700000000000038e+01
1.672800000000000153e+01
1.554100000000000037e+01
2.458999999999999986e+01
2.902700000000000102e+01
1.768599999999999994e+01
2.346000000000000085e+01
1.100200000000000067e+01
2.711599999999999966e+01
1.720500000000000185e+01
7.023000000000000576e+00
2.801500000000000057e+01
1.516800000000000104e+01
3.501500000000000057e+01
8.697000000000000952e+00
1.389900000000000091e+01
1.400099999999999945e+01
2.274099999999999966e+01
1.153299999999999947e+01
1.288400000000000034e+01
1.984100000000000108e+01
3.992000000000000171e+01
3.543999999999999773e+01
1.966600000000000037e+01
1.366300000000000026e+01
1.339700000000000024e+01
6.080000000000000071e+00
1.542900000000000027e+01
8.755000000000000782e+00
1.974099999999999966e+01
2.047899999999999920e+01
2.815300000000000225e+01
2.020100000000000051e+01
1.588300000000000090e+01
1.341999999999999993e+01
1.406300000000000061e+01
2.198400000000000176e+01
8.717999999999999972e+00
1.078700000000000081e+01
5.185699999999999932e+01
1.807700000000000173e+01
1.536899999999999977e+01
1.145299999999999940e+01
2.337500000000000000e+01
2.460399999999999920e+01
1.203299999999999947e+01
1.451600000000000001e+01
9.438000000000000611e+00
8.057999999999999829e+00
1.561500000000000021e+01
9.461999999999999744e+00
1.380600000000000094e+01
4.971000000000000085e+00
1.678699999999999903e+01
1.251900000000000013e+01
1.350399999999999956e+01
1.977299999999999969e+01
9.766000000000000014e+00
3.073900000000000077e+01
1.836500000000000199e+01
1.890099999999999980e+01
1.205300000000000082e+01
1.680799999999999983e+01
1.871100000000000207e+01
3.553500000000000369e+01
1.554100000000000037e+01
3.610500000000000398e+01
1.634600000000000009e+01
1.868599999999999994e+01
1.071100000000000030e+01
3.191499999999999915e+01
1.740599999999999881e+01
1.258399999999999963e+01
1.565300000000000047e+01
1.719200000000000017e+01
2.324800000000000111e+01
9.173000000000000043e+00
1.068999999999999950e+01
1.565900000000000070e+01
1.497199999999999953e+01
2.139799999999999969e+01
3.806300000000000239e+01
2.644999999999999929e+01
4.982000000000000206e+00
1.024699999999999989e+01
1.340500000000000114e+01
1.741900000000000048e+01
3.315500000000000114e+01
3.518900000000000006e+01
1.624399999999999977e+01
2.064600000000000080e+01
2.170100000000000051e+01
1.209699999999999953e+01
3.102200000000000202e+01
8.519000000000000128e+00
2.193599999999999994e+01
1.648799999999999955e+01
2.767099999999999937e+01
2.523600000000000065e+01
1.242999999999999972e+01
3.096100000000000207e+01
1.787199999999999989e+01
1.885900000000000176e+01
3.423600000000000421e+01
2.737400000000000233e+01
2.319300000000000139e+01
2.683999999999999986e+01
4.017800000000000438e+01
9.602999999999999758e+00
1.985900000000000176e+01
3.278999999999999915e+01
3.442099999999999937e+01
1.548799999999999955e+01
2.011299999999999955e+01
1.303200000000000003e+01
1.806899999999999906e+01
2.407600000000000051e+01
3.387199999999999989e+01
2.411200000000000188e+01
1.873300000000000054e+01
1.868700000000000117e+01
2.776000000000000245e+00
1.998600000000000065e+01
2.920200000000000173e+01
3.737299999999999756e+01
1.284100000000000108e+01
2.185900000000000176e+01
1.174300000000000033e+01
7.296000000000000263e+00
4.704599999999999937e+01
9.003999999999999559e+00
1.779100000000000037e+01
1.252700000000000102e+01
1.009500000000000064e+01
8.356999999999999318e+00
2.293799999999999883e+01
2.880199999999999960e+01
4.123499999999999943e+01
1.784799999999999898e+01
1.792399999999999949e+01
8.720000000000000639e+00
3.200200000000000244e+01
1.364499999999999957e+01
9.333999999999999631e+00
3.006200000000000117e+01
1.620899999999999963e+01
1.544700000000000095e+01
1.902700000000000102e+01
1.655000000000000071e+01
1.308000000000000007e+01
1.565500000000000114e+01
2.343799999999999883e+01
1.600900000000000034e+01
1.816900000000000048e+01
2.086599999999999966e+01
3.407200000000000273e+01
3.252000000000000313e+01
1.214900000000000091e+01
1.595400000000000063e+01
1.574300000000000033e+01
2.735699999999999932e+01
2.560300000000000153e+01
1.247199999999999953e+01
1.826399999999999935e+01
1.678000000000000114e+01
2.057400000000000162e+01
1.558300000000000018e+01
9.355999999999999872e+00
1.725900000000000034e+01
2.262500000000000000e+01
1.639700000000000202e+01
3.787800000000000011e+01
7.873000000000000220e+00
3.530199999999999960e+01
3.401200000000000045e+01
9.189999999999999503e+00
1.303599999999999959e+01
1.479499999999999993e+01
1.810000000000000142e+01
4.147299999999999898e+01
1.001699999999999946e+01
1.529100000000000037e+01
2.014900000000000091e+01
1.778800000000000026e+01
1.072199999999999953e+01
2.014600000000000080e+01
1.369400000000000084e+01
1.741300000000000026e+01
1.412000000000000099e+01
1.044899999999999984e+01
4.554100000000000392e+01
2.025199999999999889e+01
1.134999999999999964e+01
1.522499999999999964e+01
4.923799999999999955e+01
2.346799999999999997e+01
1.599900000000000055e+01
2.131500000000000128e+01
2.902599999999999980e+01
2.389799999999999969e+01
1.704200000000000159e+01
1.710300000000000153e+01
1.251500000000000057e+01
1.325800000000000090e+01
1.725900000000000034e+01
2.020500000000000185e+01
2.724800000000000111e+01
6.713899999999999579e+01
4.086699999999999733e+01
3.134500000000000242e+01
1.810999999999999943e+01
7.608999999999999986e+00
1.124300000000000033e+01
1.869099999999999895e+01
1.905300000000000082e+01
1.931400000000000006e+01
2.964700000000000202e+01
2.245899999999999963e+01
1.355700000000000038e+01
2.460999999999999943e+01
2.932700000000000173e+01
2.313700000000000045e+01
1.308099999999999952e+01
2.048199999999999932e+01
9.673999999999999488e+00
1.617800000000000082e+01
1.404400000000000048e+01
8.136000000000001009e+00
3.130700000000000216e+01
6.693999999999999950e+00
2.033399999999999963e+01
1.472799999999999976e+01
1.684199999999999875e+01
3.253099999999999881e+01
1.981800000000000139e+01
7.682999999999999829e+00
6.190700000000000358e+01
1.061200000000000010e+01
1.520800000000000018e+01
1.304499999999999993e+01
1.160999999999999943e+01
3.681700000000000017e+01
1.257099999999999973e+01
8.192000000000000171e+00
2.642900000000000205e+01
1.108699999999999974e+01
1.730199999999999960e+01
2.706299999999999883e+01
1.009500000000000064e+01
9.125000000000000000e+00
2.035200000000000031e+01
2.408900000000000219e+01
4.648000000000000398e+01
3.427700000000000102e+01
1.799800000000000111e+01
7.761000000000000121e+00
1.393700000000000117e+01
2.807900000000000063e+01
2.209700000000000131e+01
2.230499999999999972e+01
1.445199999999999996e+01
1.177999999999999936e+01
2.387900000000000134e+01
1.783800000000000097e+01
6.240000000000000213e+00
1.639999999999999858e+01
6.754999999999999893e+00
2.512999999999999901e+01
1.245599999999999952e+01
1.473099999999999987e+01
1.275600000000000023e+01
3.176600000000000179e+01
1.134600000000000009e+01
1.331900000000000084e+01
1.507000000000000028e+01
7.616000000000000547e+00
3.073300000000000054e+01
2.855300000000000082e+01
2.184799999999999898e+01
3.431099999999999994e+01
2.321699999999999875e+01
4.013199999999999790e+01
3.242600000000000193e+01
1.595400000000000063e+01
2.399200000000000088e+01
1.730000000000000071e+01
2.899000000000000199e+01
2.020599999999999952e+01
8.290000000000000924e+00
2.064100000000000179e+01
2.408500000000000085e+01
1.138100000000000023e+01
9.631999999999999673e+00
2.091900000000000048e+01
3.779100000000000392e+01
2.012399999999999878e+01
2.051699999999999946e+01
1.879100000000000037e+01
2.400199999999999889e+01
1.730100000000000193e+01
2.711100000000000065e+01
1.678600000000000136e+01
1.166300000000000026e+01
1.603000000000000114e+01
1.184200000000000053e+01
1.925300000000000011e+01
2.779100000000000037e+01
3.497299999999999898e+01
9.993999999999999773e+00
9.654999999999999361e+00
1.732700000000000173e+01
3.733400000000000318e+01
2.894099999999999895e+01
1.896399999999999864e+01
1.956800000000000139e+01
3.002599999999999980e+01
3.000799999999999912e+01
8.675000000000000711e+00
1.916900000000000048e+01
1.391800000000000104e+01
4.598400000000000176e+01
4.797500000000000142e+01
2.969699999999999918e+01
2.255100000000000193e+01
2.046600000000000108e+01
2.933200000000000074e+01
1.968200000000000216e+01
2.382700000000000173e+01
2.742999999999999972e+01
1.565500000000000114e+01
7.756000000000000227e+00
2.938700000000000045e+01
1.637800000000000011e+01
1.919300000000000139e+01
1.625400000000000134e+01
1.456400000000000006e+01
3.664999999999999858e+01
1.425300000000000011e+01
2.904800000000000182e+01
8.019999999999999574e+00
1.670899999999999963e+01
7.870000000000000107e+00
3.206400000000000006e+01
2.286100000000000065e+01
1.701900000000000190e+01
1.599300000000000033e+01
1.076500000000000057e+01
2.405700000000000216e+01
1.035299999999999976e+01
1.041500000000000092e+01
3.236699999999999733e+01
1.334299999999999997e+01
2.548000000000000043e+01
6.120000000000000107e+00
1.108900000000000041e+01
2.703500000000000014e+01
1.813899999999999935e+01
1.420599999999999952e+01
1.467800000000000082e+01
2.208600000000000207e+01
2.205700000000000216e+01
2.383300000000000196e+01
2.193299999999999983e+01
2.178000000000000114e+01
2.367999999999999972e+01
1.224399999999999977e+01
1.954700000000000060e+01
1.860500000000000043e+01
4.642300000000000182e+01
2.168400000000000105e+01
1.381600000000000072e+01
3.647200000000000131e+01
4.817800000000000438e+01
1.075900000000000034e+01
1.157200000000000095e+01
3.628800000000000381e+01
1.059900000000000020e+01
1.970700000000000074e+01
1.617300000000000182e+01
1.759400000000000119e+01
1.507300000000000040e+01
2.107600000000000051e+01
1.901699999999999946e+01
1.437300000000000111e+01
2.492900000000000205e+01
1.484100000000000108e+01
9.864000000000000767e+00
1.403000000000000114e+01
4.333200000000000074e+01
3.399300000000000210e+01
4.910699999999999932e+01
1.168699999999999939e+01
2.371300000000000097e+01
1.105700000000000038e+01
1.148000000000000043e+01
5.642000000000000348e+00
3.417900000000000205e+01
3.116100000000000136e+01
2.949600000000000222e+01
9.301999999999999602e+00
1.307600000000000051e+01
1.845599999999999952e+01
5.208299999999999841e+01
1.909400000000000119e+01
1.396499999999999986e+01
4.460800000000000409e+01
1.940099999999999980e+01
2.435500000000000043e+01
7.059000000000000163e+00
2.225499999999999901e+01
1.567999999999999972e+01
3.396200000000000330e+01
1.703900000000000148e+01
1.375000000000000000e+01
1.287000000000000099e+01
2.677100000000000080e+01
1.541300000000000026e+01
2.326699999999999946e+01
1.913800000000000168e+01
2.369699999999999918e+01
1.063899999999999935e+01
3.489999999999999858e+01
1.494200000000000017e+01
1.584800000000000075e+01
3.183999999999999986e+01
1.848499999999999943e+01
3.742900000000000205e+01
1.917300000000000182e+01
1.713500000000000156e+01
2.135200000000000031e+01
1.361500000000000021e+01
1.125399999999999956e+01
1.439199999999999946e+01
1.544599999999999973e+01
1.974500000000000099e+01
1.015200000000000102e+01
1.931599999999999895e+01
1.452400000000000091e+01
1.414799999999999969e+01
1.406099999999999994e+01
2.300100000000000122e+01
2.436100000000000065e+01
2.037300000000000111e+01
6.599000000000000199e+00
9.669000000000000483e+00
1.518900000000000006e+01
6.267500000000000426e+01
2.460699999999999932e+01
2.246100000000000207e+01
8.551999999999999602e+00
2.780700000000000216e+01
1.650900000000000034e+01
2.020599999999999952e+01
2.933000000000000185e+01
1.360200000000000031e+01
1.425800000000000090e+01
1.860300000000000153e+01
9.466000000000001080e+00
2.670400000000000063e+01
2.429899999999999949e+01
2.845100000000000051e+01
2.714199999999999946e+01
7.757000000000000561e+00
2.338500000000000156e+01
9.115999999999999659e+00
1.394700000000000095e+01
2.055499999999999972e+01
8.874000000000000554e+00
1.883099999999999952e+01
1.399900000000000055e+01
2.321699999999999875e+01
1.531099999999999994e+01
1.821000000000000085e+01
2.897500000000000142e+01
2.175300000000000011e+01
2.633600000000000207e+01
4.628399999999999892e+01
2.964900000000000091e+01
7.331999999999999851e+00
1.783800000000000097e+01
2.735399999999999920e+01
1.707300000000000040e+01
2.846900000000000119e+01
2.177500000000000213e+01
1.895200000000000173e+01
1.151699999999999946e+01
2.272599999999999909e+01
1.180199999999999960e+01
1.247600000000000087e+01
1.296300000000000097e+01
1.629800000000000182e+01
2.426800000000000068e+01
1.225699999999999967e+01
5.626999999999999780e+00
9.160000000000000142e+00
1.812000000000000099e+01
1.712099999999999866e+01
2.359499999999999886e+01
1.891900000000000048e+01
3.153000000000000114e+01
4.894299999999999784e+01
2.252200000000000202e+01
2.488400000000000034e+01
7.290000000000000036e+00
1.147600000000000087e+01
1.110599999999999987e+01
1.467600000000000016e+01
1.849399999999999977e+01
1.138700000000000045e+01
1.676699999999999946e+01
2.976500000000000057e+01
1.640599999999999881e+01
1.416800000000000104e+01
2.226600000000000179e+01
2.770500000000000185e+01
3.310900000000000176e+01
1.799000000000000199e+01
1.461200000000000010e+01
2.476600000000000179e+01
1.913400000000000034e+01
2.965200000000000102e+01
1.179000000000000092e+01
1.130300000000000082e+01
7.424000000000000377e+00
3.166900000000000048e+01
1.166399999999999970e+01
2.461200000000000188e+01
1.138600000000000101e+01
2.798799999999999955e+01
1.527800000000000047e+01
1.307099999999999973e+01
1.492699999999999960e+01
1.719900000000000162e+01
1.325000000000000000e+01
1.091900000000000048e+01
1.377200000000000024e+01
1.511899999999999977e+01
4.475800000000000267e+01
1.171600000000000108e+01
1.101699999999999946e+01
1.989400000000000190e+01
2.706700000000000017e+01
2.250300000000000011e+01
1.423799999999999955e+01
8.035999999999999588e+00
1.300000000000000000e+01
1.892800000000000082e+01
4.585600000000000165e+01
6.331900000000000261e+01
1.180300000000000082e+01
1.343900000000000006e+01
2.283399999999999963e+01
1.669300000000000139e+01
5.663700000000000045e+01
7.009000000000000341e+00
2.140800000000000125e+01
4.023600000000000421e+01
3.165500000000000114e+01
8.375999999999999446e+00
8.067999999999999616e+00
7.132900000000000773e+01
4.885500000000000398e+01
8.660000000000000142e+00
2.930499999999999972e+01
2.271699999999999875e+01
1.337800000000000011e+01
4.029400000000000404e+01
1.029300000000000104e+01
1.724300000000000210e+01
2.971199999999999974e+01
1.464799999999999969e+01
2.232199999999999918e+01
1.218200000000000038e+01
4.330899999999999750e+01
1.377700000000000102e+01
7.399000000000000021e+00
1.117999999999999972e+01
1.275099999999999945e+01
8.595000000000000639e+00
1.751399999999999935e+01
2.425400000000000134e+01
2.318700000000000117e+01
2.210699999999999932e+01
1.303400000000000070e+01
7.453999999999999737e+00
1.779100000000000037e+01
1.437300000000000111e+01
3.383400000000000318e+01
2.000100000000000122e+01
2.032900000000000063e+01
2.407400000000000162e+01
3.835900000000000176e+01
1.357000000000000028e+01
2.307499999999999929e+01
2.605900000000000105e+01
1.421700000000000053e+01
3.696399999999999864e+01
1.419100000000000072e+01
2.077599999999999980e+01
2.121999999999999886e+01
5.726400000000000290e+01
8.929000000000000270e+00
2.361500000000000199e+01
1.275699999999999967e+01
2.489900000000000091e+01
9.602000000000000313e+00
2.100199999999999889e+01
7.035000000000000142e+00
1.836100000000000065e+01
2.624600000000000222e+01
2.704599999999999937e+01
3.529299999999999926e+01
1.276699999999999946e+01
9.576000000000000512e+00
2.852500000000000213e+01
1.098099999999999987e+01
2.690500000000000114e+01
1.538499999999999979e+01
1.060899999999999999e+01
1.869800000000000040e+01
1.661800000000000210e+01
3.425099999999999767e+01
1.171499999999999986e+01
2.567900000000000205e+01
1.390099999999999980e+01
6.382000000000000561e+00
1.493400000000000105e+01
8.954000000000000625e+00
2.043700000000000117e+01
1.384999999999999964e+01
2.667200000000000060e+01
1.938200000000000145e+01
1.058200000000000074e+01
6.679000000000000270e+00
1.455400000000000027e+01
1.730900000000000105e+01
1.183500000000000085e+01
1.393900000000000006e+01
1.618400000000000105e+01
1.163499999999999979e+01
2.074300000000000210e+01
1.297400000000000020e+01
8.768000000000000682e+00
1.982900000000000063e+01
2.571300000000000097e+01
5.443000000000000504e+00
1.852799999999999869e+01
2.509299999999999997e+01
1.543700000000000117e+01
1.726900000000000190e+01
2.572800000000000153e+01
1.355799999999999983e+01
2.624099999999999966e+01
1.550000000000000000e+01
1.983699999999999974e+01
1.866199999999999903e+01
2.555400000000000205e+01
3.202199999999999847e+01
1.298099999999999987e+01
3.744800000000000040e+01
2.153500000000000014e+01
1.063300000000000090e+01
9.386000000000001009e+00
1.233699999999999974e+01
1.161100000000000065e+01
3.533200000000000074e+01
2.273499999999999943e+01
2.962300000000000111e+01
2.404800000000000182e+01
1.503700000000000081e+01
1.373600000000000065e+01
3.748000000000000398e+01
1.183399999999999963e+01
3.298300000000000409e+01
8.867100000000000648e+01
3.498700000000000188e+01
3.576200000000000045e+01
1.603000000000000114e+01
1.645299999999999940e+01
1.632799999999999940e+01
5.753900000000000148e+01
2.623799999999999955e+01
1.358200000000000074e+01
8.971000000000000085e+00
1.444700000000000095e+01
5.628800000000000381e+01
2.269699999999999918e+01
7.068000000000000504e+00
1.383399999999999963e+01
5.778000000000000469e+00
1.544899999999999984e+01
3.200300000000000011e+01
3.084799999999999898e+01
1.175800000000000090e+01
4.702900000000000347e+01
1.853300000000000125e+01
1.187000000000000099e+01
9.647999999999999687e+00
1.331900000000000084e+01
2.210500000000000043e+01
1.125999999999999979e+01
1.363199999999999967e+01
1.250600000000000023e+01
1.502899999999999991e+01
2.832600000000000051e+01
4.203300000000000125e+01
2.179800000000000182e+01
1.097799999999999976e+01
1.029300000000000104e+01
1.398200000000000109e+01
2.001800000000000068e+01
6.410099999999999909e+01
1.588600000000000101e+01
2.449800000000000111e+01
2.994600000000000151e+01
2.138500000000000156e+01
1.388600000000000101e+01
4.674699999999999989e+01
2.369300000000000139e+01
3.539900000000000091e+01
1.364600000000000080e+01
1.386500000000000021e+01
2.486800000000000210e+01
2.776999999999999957e+01
1.110800000000000054e+01
2.998499999999999943e+01
3.972299999999999898e+01
1.961200000000000188e+01
9.349999999999999645e+00
2.618799999999999883e+01
6.352999999999999758e+00
3.211399999999999721e+01
5.857000000000000206e+00
1.978800000000000026e+01
8.897000000000000242e+00
1.445000000000000107e+01
1.666000000000000014e+01
1.387199999999999989e+01
2.175499999999999901e+01
2.824399999999999977e+01
2.532499999999999929e+01
1.710399999999999920e+01
9.890000000000000568e+00
1.170599999999999952e+01
8.977999999999999758e+00
8.740000000000000213e+00
3.090700000000000003e+01
4.173799999999999955e+01
3.209499999999999886e+01
2.051999999999999957e+01
1.445000000000000107e+01
1.030000000000000071e+01
1.172900000000000098e+01
1.463300000000000090e+01
2.740399999999999991e+01
1.405000000000000071e+01
8.259000000000000341e+00
4.964699999999999847e+01
6.357699999999999818e+01
2.569099999999999895e+01
7.445999999999999730e+00
1.990700000000000003e+01
2.144600000000000151e+01
2.921100000000000207e+01
1.837900000000000134e+01
1.447000000000000064e+01
4.217000000000000526e+00
1.850000000000000000e+01
1.336599999999999966e+01
2.167399999999999949e+01
2.382400000000000162e+01
1.419100000000000072e+01
7.246999999999999886e+00
1.580000000000000071e+01
1.821900000000000119e+01
1.308900000000000041e+01
1.982000000000000028e+01
2.651200000000000045e+01
2.844999999999999929e+01
1.670700000000000074e+01
2.683900000000000219e+01
7.387000000000000455e+00
2.253600000000000136e+01
1.459800000000000075e+01
2.090599999999999881e+01
3.205400000000000205e+01
1.632000000000000028e+01
1.444400000000000084e+01
1.464100000000000001e+01
1.419200000000000017e+01
2.302400000000000091e+01
1.025600000000000023e+01
1.275399999999999956e+01
9.400000000000000355e+00
2.142600000000000193e+01
1.974300000000000210e+01
2.920700000000000074e+01
1.557900000000000063e+01
1.913100000000000023e+01
2.967999999999999972e+01
3.070100000000000051e+01
2.248199999999999932e+01
1.057900000000000063e+01
1.875100000000000122e+01
3.194900000000000162e+01
3.626200000000000045e+01
1.651000000000000156e+01
3.818999999999999773e+01
9.872999999999999332e+00
1.211299999999999955e+01
2.098600000000000065e+01
8.378999999999999559e+00
1.523900000000000077e+01
1.949099999999999966e+01
1.618700000000000117e+01
1.831500000000000128e+01
2.932900000000000063e+01
9.487000000000000099e+00
3.850099999999999767e+01
2.106400000000000006e+01
1.828999999999999915e+01
1.307699999999999996e+01
1.359200000000000053e+01
3.850300000000000011e+01
2.702500000000000213e+01
1.421799999999999997e+01
1.621999999999999886e+01
1.326299999999999990e+01
2.913200000000000145e+01
1.458399999999999963e+01
2.730000000000000071e+01
1.492800000000000082e+01
8.211000000000000298e+00
1.617999999999999972e+01
2.551200000000000045e+01
1.612600000000000122e+01
2.496400000000000219e+01
2.327899999999999991e+01
1.886500000000000199e+01
9.346000000000000085e+00
1.369400000000000084e+01
1.633500000000000085e+01
1.111700000000000088e+01
3.402300000000000324e+01
1.997800000000000153e+01
2.724800000000000111e+01
1.425000000000000000e+01
3.488799999999999812e+01
1.003500000000000014e+01
1.022300000000000075e+01
3.102800000000000225e+01
1.525200000000000067e+01
4.354700000000000415e+01
3.129299999999999926e+01
2.487600000000000122e+01
3.492500000000000426e+01
1.709600000000000009e+01
6.509000000000000341e+00
2.421199999999999974e+01
3.196300000000000097e+01
1.847700000000000031e+01
1.595599999999999952e+01
1.472100000000000009e+01
1.301900000000000013e+01
2.583999999999999986e+01
1.582099999999999973e+01
2.013700000000000045e+01
1.519299999999999962e+01
1.554400000000000048e+01
3.431600000000000250e+01
1.911700000000000088e+01
2.977800000000000225e+01
7.754000000000000448e+00
2.446000000000000085e+01
2.756400000000000006e+01
9.958999999999999631e+00
4.060600000000000165e+01
1.861500000000000199e+01
5.503000000000000114e+00
2.086500000000000199e+01
8.922000000000000597e+00
3.042800000000000082e+01
4.264099999999999824e+01
5.287299999999999756e+01
1.843499999999999872e+01
4.293000000000000149e+00
1.295199999999999996e+01
1.285200000000000031e+01
1.593900000000000006e+01
6.530000000000000249e+00
1.871399999999999864e+01
1.516200000000000081e+01
1.497499999999999964e+01
2.107700000000000173e+01
2.668200000000000216e+01
1.883500000000000085e+01
2.569200000000000017e+01
1.243599999999999994e+01
2.993400000000000105e+01
2.583200000000000074e+01
2.235999999999999943e+01
5.315899999999999892e+01
2.289700000000000202e+01
2.764300000000000068e+01
1.422799999999999976e+01
1.277700000000000102e+01
2.328099999999999881e+01
3.054599999999999937e+01
2.668500000000000227e+01
1.567900000000000027e+01
1.547600000000000087e+01
1.404600000000000115e+01
1.553100000000000058e+01
1.658600000000000207e+01
1.395700000000000074e+01
2.767900000000000205e+01
2.346900000000000119e+01
3.958700000000000330e+01
2.226500000000000057e+01
2.364499999999999957e+01
1.479300000000000104e+01
8.102000000000000313e+00
1.443500000000000050e+01
4.478000000000000114e+01
2.763899999999999935e+01
1.355700000000000038e+01
6.330000000000000071e+00
2.687500000000000000e+01
2.470400000000000063e+01
1.101699999999999946e+01
2.799200000000000088e+01
3.371099999999999852e+01
3.502300000000000324e+01
1.297499999999999964e+01
3.668699999999999761e+01
1.620899999999999963e+01
4.960399999999999920e+01
1.359800000000000075e+01
1.191099999999999959e+01
5.310500000000000398e+01
2.266799999999999926e+01
1.279899999999999949e+01
2.372599999999999909e+01
9.948999999999999844e+00
1.413100000000000023e+01
1.451400000000000112e+01
1.744000000000000128e+01
1.709100000000000108e+01
9.602000000000000313e+00
1.855400000000000205e+01
1.799599999999999866e+01
1.866100000000000136e+01
1.876699999999999946e+01
1.609499999999999886e+01
2.421600000000000108e+01
1.815800000000000125e+01
1.625600000000000023e+01
1.181700000000000017e+01
2.100499999999999901e+01
1.821300000000000097e+01
6.408999999999999808e+00
1.871199999999999974e+01
6.583000000000000185e+00
2.176399999999999935e+01
1.906599999999999895e+01
2.265399999999999991e+01
5.429999999999999716e+00
4.461800000000000210e+01
1.849800000000000111e+01
1.894500000000000028e+01
4.039000000000000057e+01
1.254700000000000060e+01
2.444000000000000128e+01
1.194200000000000017e+01
3.067600000000000193e+01
1.994200000000000017e+01
2.935200000000000031e+01
9.089000000000000412e+00
1.218999999999999950e+01
5.633000000000000007e+00
9.900999999999999801e+00
1.946799999999999997e+01
2.255600000000000094e+01
9.663000000000000256e+00
1.262599999999999945e+01
1.696900000000000119e+01
1.291300000000000026e+01
2.515200000000000102e+01
1.839799999999999969e+01
2.299399999999999977e+01
1.154899999999999949e+01
2.261500000000000199e+01
4.875000000000000000e+01
4.895499999999999829e+01
4.141000000000000014e+00
1.344400000000000084e+01
9.497999999999999332e+00
3.436999999999999744e+01
1.190700000000000003e+01
2.263700000000000045e+01
1.429899999999999949e+01
5.052999999999999936e+00
3.417300000000000182e+01
1.582699999999999996e+01
1.465799999999999947e+01
4.683299999999999841e+01
1.705300000000000082e+01
1.459800000000000075e+01
3.417300000000000182e+01
1.765099999999999980e+01
1.337199999999999989e+01
1.441900000000000048e+01
2.528699999999999903e+01
2.228600000000000136e+01
2.332300000000000040e+01
2.371199999999999974e+01
1.929100000000000037e+01
2.595899999999999963e+01
1.842300000000000182e+01
2.721300000000000097e+01
1.664100000000000179e+01
3.234300000000000352e+01
2.059100000000000108e+01
2.330799999999999983e+01
2.030900000000000105e+01
2.951000000000000156e+01
1.450800000000000090e+01
2.254899999999999949e+01
4.325000000000000178e+00
1.963800000000000168e+01
2.539700000000000202e+01
4.724000000000000199e+00
3.117800000000000082e+01
2.487900000000000134e+01
1.690099999999999980e+01
8.102000000000000313e+00
2.774399999999999977e+01
1.448900000000000077e+01
2.986200000000000188e+01
2.358699999999999974e+01
6.070999999999999730e+00
1.672299999999999898e+01
3.058000000000000185e+01
1.846499999999999986e+01
8.624000000000000554e+00
1.284100000000000108e+01
4.185999999999999943e+01
3.376299999999999812e+01
1.558900000000000041e+01
2.225799999999999912e+01
2.005799999999999983e+01
1.965200000000000102e+01
3.695700000000000074e+01
2.266400000000000148e+01
2.633500000000000085e+01
1.616799999999999926e+01
1.419400000000000084e+01
1.115399999999999991e+01
1.351699999999999946e+01
1.230499999999999972e+01
2.396100000000000207e+01
1.226699999999999946e+01
5.476700000000000301e+01
1.155199999999999960e+01
2.898400000000000176e+01
1.237700000000000067e+01
2.425600000000000023e+01
3.413400000000000034e+01
1.796900000000000119e+01
9.394000000000000128e+00
1.986299999999999955e+01
4.588300000000000267e+01
4.182200000000000273e+01
2.218700000000000117e+01
1.640700000000000003e+01
8.223000000000000753e+00
4.882800000000000296e+01
2.827700000000000102e+01
1.879800000000000182e+01
1.068400000000000105e+01
1.064700000000000024e+01
3.117300000000000182e+01
1.827700000000000102e+01
1.764400000000000190e+01
1.789199999999999946e+01
3.070599999999999952e+01
1.880799999999999983e+01
1.388600000000000101e+01
1.868299999999999983e+01
3.584199999999999875e+01
1.632900000000000063e+01
1.334600000000000009e+01
2.880300000000000082e+01
1.563199999999999967e+01
1.367999999999999972e+01
1.289000000000000057e+01
1.115799999999999947e+01
1.642000000000000171e+01
3.846800000000000352e+01
2.202400000000000091e+01
1.556600000000000072e+01
2.984400000000000119e+01
1.859700000000000131e+01
3.489399999999999835e+01
1.150200000000000067e+01
2.163400000000000034e+01
3.696300000000000097e+01
1.603500000000000014e+01
1.300399999999999956e+01
3.024600000000000222e+01
1.921699999999999875e+01
9.872999999999999332e+00
2.049300000000000210e+01
1.464799999999999969e+01
2.806200000000000117e+01
1.883000000000000185e+01
1.735900000000000176e+01
2.095400000000000063e+01
4.465700000000000358e+01
1.423600000000000065e+01
1.489600000000000080e+01
1.494899999999999984e+01
2.681500000000000128e+01
1.853600000000000136e+01
1.100800000000000090e+01
9.375000000000000000e+00
2.355900000000000105e+01
2.084100000000000108e+01
2.378000000000000114e+01
2.284700000000000131e+01
2.150600000000000023e+01
2.025900000000000034e+01
2.242800000000000082e+01
2.119800000000000040e+01
1.670400000000000063e+01
2.218400000000000105e+01
1.732400000000000162e+01
2.260099999999999909e+01
1.644800000000000040e+01
2.173400000000000176e+01
1.717699999999999960e+01
1.022199999999999953e+01
1.826500000000000057e+01
3.139600000000000080e+01
2.184499999999999886e+01
1.780300000000000082e+01
1.764900000000000091e+01
1.265200000000000102e+01
8.527000000000001023e+00
1.382799999999999940e+01
3.512599999999999767e+01
1.029100000000000037e+01
1.879400000000000048e+01
1.351500000000000057e+01
1.463199999999999967e+01
1.108200000000000074e+01
1.237899999999999956e+01
1.231700000000000017e+01
1.920200000000000173e+01
1.111400000000000077e+01
1.609799999999999898e+01
9.833999999999999631e+00
1.857199999999999918e+01
1.401100000000000101e+01
3.144800000000000040e+01
1.629400000000000048e+01
2.181099999999999994e+01
1.331400000000000006e+01
1.762300000000000111e+01
1.647599999999999909e+01
2.293100000000000094e+01
1.445899999999999963e+01
3.903099999999999881e+01
1.630199999999999960e+01
3.681000000000000227e+01
9.579000000000000625e+00
3.659499999999999886e+01
1.300200000000000067e+01
1.840599999999999881e+01
9.765000000000000568e+00
2.105799999999999983e+01
3.388400000000000034e+01
1.876099999999999923e+01
2.090399999999999991e+01
2.750300000000000011e+01
1.046100000000000030e+01
8.266999999999999460e+00
2.551800000000000068e+01
2.043100000000000094e+01
3.275600000000000023e+01
4.147100000000000364e+01
2.417600000000000193e+01
2.735699999999999932e+01
3.037199999999999989e+01
1.691600000000000037e+01
2.687600000000000122e+01
1.870500000000000185e+01
8.072000000000000952e+00
2.708800000000000097e+01
9.544000000000000483e+00
1.885999999999999943e+01
1.335100000000000087e+01
2.430900000000000105e+01
1.525800000000000090e+01
1.567500000000000071e+01
1.187199999999999989e+01
1.830000000000000071e+01
2.164799999999999969e+01
6.679999999999999716e+00
1.310800000000000054e+01
1.585500000000000043e+01
2.556400000000000006e+01
1.671900000000000119e+01
1.946399999999999864e+01
1.418400000000000105e+01
1.378200000000000003e+01
2.138400000000000034e+01
1.532900000000000063e+01
1.293400000000000105e+01
2.137600000000000122e+01
1.111800000000000033e+01
2.235500000000000043e+01
2.279200000000000159e+01
2.434499999999999886e+01
1.238300000000000090e+01
1.478700000000000081e+01
1.399900000000000055e+01
1.876699999999999946e+01
1.601600000000000179e+01
4.308200000000000074e+01
1.191699999999999982e+01
1.968700000000000117e+01
1.683500000000000085e+01
1.169899999999999984e+01
9.205999999999999517e+00
1.332600000000000051e+01
2.344800000000000040e+01
9.137999999999999901e+00
1.374699999999999989e+01
1.581700000000000017e+01
2.946199999999999974e+01
2.230999999999999872e+01
2.033099999999999952e+01
3.735500000000000398e+01
2.399699999999999989e+01
3.341600000000000392e+01
2.290800000000000125e+01
1.038700000000000045e+01
3.092099999999999937e+01
2.639300000000000068e+01
9.875999999999999446e+00
6.772000000000000242e+00
2.001399999999999935e+01
1.232799999999999940e+01
1.725600000000000023e+01
2.092999999999999972e+01
3.792699999999999960e+01
8.736000000000000654e+00
3.914999999999999858e+01
2.856299999999999883e+01
3.479700000000000415e+01
1.476299999999999990e+01
1.258500000000000085e+01
1.133600000000000030e+01
3.352700000000000102e+01
1.144299999999999962e+01
2.175199999999999889e+01
2.062699999999999889e+01
1.942800000000000082e+01
1.773400000000000176e+01
1.789000000000000057e+01
1.608000000000000185e+01
2.536500000000000199e+01
1.957000000000000028e+01
2.605199999999999960e+01
2.016000000000000014e+01
4.149600000000000222e+01
1.817300000000000182e+01
2.207799999999999940e+01
1.098399999999999999e+01
2.715000000000000213e+01
2.272299999999999898e+01
1.090000000000000036e+01
1.456700000000000017e+01
4.072299999999999898e+01
2.678000000000000114e+01
1.393500000000000050e+01
4.270900000000000318e+01
1.510100000000000087e+01
2.516100000000000136e+01
1.221600000000000108e+01
2.723499999999999943e+01
1.151200000000000045e+01
1.627899999999999991e+01
1.597300000000000075e+01
1.029400000000000048e+01
1.321899999999999942e+01
2.738899999999999935e+01
2.698100000000000165e+01
1.031700000000000017e+01
1.197499999999999964e+01
2.477899999999999991e+01
2.048300000000000054e+01
2.537699999999999889e+01
1.632199999999999918e+01
1.903099999999999881e+01
2.109799999999999898e+01
4.465200000000000102e+01
9.987000000000000099e+00
1.903300000000000125e+01
3.471999999999999886e+01
1.488900000000000112e+01
1.614000000000000057e+01
1.029400000000000048e+01
7.390000000000000568e+00
1.894500000000000028e+01
1.572400000000000020e+01
2.733300000000000196e+01
2.024800000000000111e+01
4.344800000000000040e+01
7.060999999999999943e+00
1.363400000000000034e+01
1.744999999999999929e+01
2.392000000000000171e+01
1.965099999999999980e+01
1.293699999999999939e+01
1.939900000000000091e+01
1.427400000000000091e+01
2.195899999999999963e+01
1.987199999999999989e+01
9.237000000000000099e+00
1.079700000000000060e+01
3.719599999999999795e+01
1.447000000000000064e+01
8.983000000000000540e+00
2.902100000000000080e+01
5.522000000000000242e+00
6.169000000000000483e+00
2.472500000000000142e+01
4.242600000000000193e+01
1.752100000000000080e+01
1.695599999999999952e+01
3.080100000000000193e+01
3.767699999999999960e+01
1.208099999999999952e+01
1.839400000000000190e+01
1.125500000000000078e+01
3.342499999999999716e+01
2.529800000000000182e+01
1.539400000000000013e+01
1.204300000000000104e+01
1.478000000000000114e+01
1.480100000000000016e+01
1.593400000000000105e+01
2.275300000000000011e+01
2.339000000000000057e+01
1.543200000000000038e+01
2.027500000000000213e+01
8.704000000000000625e+00
2.456099999999999994e+01
1.843200000000000216e+01
1.730799999999999983e+01
2.283300000000000196e+01
1.238400000000000034e+01
1.493900000000000006e+01
2.248400000000000176e+01
1.421799999999999997e+01
1.384699999999999953e+01
2.573600000000000065e+01
2.232000000000000028e+01
1.499800000000000111e+01
1.818299999999999983e+01
2.298600000000000065e+01
3.327799999999999869e+01
3.266400000000000148e+01
3.275699999999999790e+01
1.133099999999999952e+01
2.405700000000000216e+01
1.909900000000000020e+01
2.534799999999999898e+01
7.514000000000000234e+00
1.633999999999999986e+01
1.610699999999999932e+01
9.361000000000000654e+00
1.109699999999999953e+01
1.333900000000000041e+01
3.248400000000000176e+01
1.676200000000000045e+01
1.648199999999999932e+01
1.944399999999999906e+01
1.924699999999999989e+01
1.624500000000000099e+01
7.979000000000000092e+00
2.451800000000000068e+01
1.351400000000000112e+01
2.095400000000000063e+01
3.691700000000000159e+01
2.482400000000000162e+01
1.910900000000000176e+01
3.925500000000000256e+01
2.661299999999999955e+01
4.486500000000000199e+01
4.347500000000000142e+01
2.689400000000000190e+01
8.298999999999999488e+00
2.840600000000000236e+01
1.713200000000000145e+01
1.114199999999999946e+01
9.817999999999999616e+00
1.473399999999999999e+01
3.083800000000000097e+01
1.583699999999999974e+01
1.043400000000000105e+01
2.190200000000000102e+01
3.336800000000000210e+01
1.678200000000000003e+01
7.056000000000000050e+00
2.480300000000000082e+01
3.306600000000000250e+01
3.633400000000000318e+01
1.510500000000000043e+01
1.887300000000000111e+01
5.327100000000000080e+01
5.643599999999999994e+01
3.117200000000000060e+01
1.406000000000000050e+01
1.663800000000000168e+01
1.636200000000000188e+01
1.507900000000000063e+01
2.061800000000000210e+01
1.205700000000000038e+01
1.914000000000000057e+01
3.039400000000000190e+01
1.389000000000000057e+01
2.384299999999999997e+01
1.959900000000000020e+01
2.762900000000000134e+01
2.276699999999999946e+01
1.415600000000000058e+01
2.423799999999999955e+01
2.495299999999999940e+01
4.230000000000000426e+01
1.582500000000000107e+01
1.412899999999999956e+01
1.336400000000000077e+01
1.951500000000000057e+01
1.391099999999999959e+01
2.522100000000000009e+01
7.437999999999999723e+00
2.160699999999999932e+01
9.288999999999999702e+00
2.895500000000000185e+01
2.255000000000000071e+01
2.733099999999999952e+01
2.635999999999999943e+01
3.127500000000000213e+01
1.232300000000000040e+01
3.229899999999999949e+01
2.684799999999999898e+01
1.476500000000000057e+01
1.678500000000000014e+01
1.916300000000000026e+01
5.570000000000000284e+00
1.814600000000000080e+01
2.151999999999999957e+01
1.997700000000000031e+01
1.336899999999999977e+01
9.714000000000000412e+00
1.899300000000000210e+01
2.642699999999999960e+01
6.584999999999999964e+00
3.023000000000000043e+01
1.791799999999999926e+01
2.645800000000000196e+01
3.013100000000000023e+01
2.473400000000000176e+01
9.326999999999999957e+00
2.669500000000000028e+01
1.270299999999999940e+01
1.703900000000000148e+01
1.578500000000000014e+01
1.564900000000000091e+01
1.669000000000000128e+01
2.103099999999999881e+01
1.636100000000000065e+01
1.800600000000000023e+01
1.946900000000000119e+01
1.479199999999999982e+01
2.457000000000000028e+01
1.664199999999999946e+01
1.913100000000000023e+01
1.614000000000000057e+01
1.789300000000000068e+01
2.490500000000000114e+01
1.642999999999999972e+01
1.514499999999999957e+01
1.987000000000000099e+01
2.546799999999999997e+01
1.063300000000000090e+01
1.498099999999999987e+01
3.101399999999999935e+01
7.652000000000000135e+00
3.523600000000000421e+01
1.360899999999999999e+01
2.781400000000000006e+01
9.073999999999999844e+00
9.791999999999999815e+00
1.142300000000000004e+01
1.068500000000000050e+01
1.022799999999999976e+01
1.768700000000000117e+01
3.402700000000000102e+01
6.935999999999999943e+00
1.769999999999999929e+01
1.758300000000000196e+01
1.313499999999999979e+01
1.822800000000000153e+01
2.917099999999999937e+01
3.097100000000000009e+01
1.316999999999999993e+01
2.100499999999999901e+01
2.214199999999999946e+01
1.554000000000000092e+01
2.030400000000000205e+01
2.383800000000000097e+01
2.035300000000000153e+01
1.373099999999999987e+01
2.946999999999999886e+01
1.251500000000000057e+01
5.158599999999999852e+01
2.579200000000000159e+01
1.597100000000000009e+01
6.355999999999999872e+00
2.437500000000000000e+01
2.073799999999999955e+01
3.286100000000000421e+01
2.813100000000000023e+01
2.012399999999999878e+01
2.203399999999999892e+01
3.808599999999999852e+01
1.271799999999999997e+01
1.550800000000000090e+01
1.920800000000000196e+01
1.889600000000000080e+01
1.245899999999999963e+01
1.497400000000000020e+01
3.815400000000000347e+01
7.533999999999999808e+00
2.182600000000000051e+01
9.096999999999999531e+00
3.016100000000000136e+01
1.657199999999999918e+01
2.207000000000000028e+01
1.413900000000000112e+01
2.289499999999999957e+01
1.276400000000000112e+01
3.048400000000000176e+01
1.117300000000000004e+01
3.800699999999999790e+01
4.151899999999999835e+01
7.177000000000000490e+00
5.264800000000000324e+01
3.161800000000000210e+01
2.036800000000000210e+01
1.579600000000000115e+01
2.567000000000000171e+01
4.340100000000000335e+01
1.325200000000000067e+01
1.270400000000000063e+01
3.339900000000000091e+01
1.744900000000000162e+01
1.329199999999999982e+01
3.245600000000000307e+01
8.787000000000000810e+00
1.310100000000000087e+01
1.188600000000000101e+01
8.560000000000000497e+00
1.021199999999999974e+01
3.820199999999999818e+01
2.961500000000000199e+01
8.758000000000000895e+00
1.380000000000000071e+01
1.830300000000000082e+01
1.677799999999999869e+01
2.406500000000000128e+01
1.028100000000000058e+01
1.588100000000000023e+01
1.198399999999999999e+01
1.424399999999999977e+01
1.214799999999999969e+01
2.796499999999999986e+01
1.058000000000000007e+01
9.332000000000000739e+00
2.410800000000000054e+01
1.217600000000000016e+01
2.600300000000000011e+01
8.525999999999999801e+00
2.272899999999999920e+01
2.560300000000000153e+01
1.890800000000000125e+01
1.611200000000000188e+01
3.205899999999999750e+01
3.356799999999999784e+01
2.198100000000000165e+01
4.093299999999999983e+01
1.651600000000000179e+01
2.049099999999999966e+01
2.448300000000000054e+01
3.470799999999999841e+01
1.669300000000000139e+01
7.761000000000000121e+00
1.180400000000000027e+01
1.505700000000000038e+01
1.276999999999999957e+01
1.880499999999999972e+01
1.548700000000000010e+01
1.730300000000000082e+01
2.496400000000000219e+01
8.493999999999999773e+00
1.437199999999999989e+01
3.543200000000000216e+01
6.784400000000000830e+01
8.599999999999999645e+00
1.028800000000000026e+01
3.738799999999999812e+01
1.703900000000000148e+01
1.616600000000000037e+01
1.742999999999999972e+01
1.569500000000000028e+01
8.995000000000000995e+00
1.327599999999999980e+01
1.374399999999999977e+01
3.054100000000000037e+01
2.152400000000000091e+01
1.383900000000000041e+01
2.633800000000000097e+01
1.271199999999999974e+01
1.092999999999999972e+01
1.516999999999999993e+01
1.825799999999999912e+01
2.095700000000000074e+01
1.408699999999999974e+01
1.464499999999999957e+01
2.186800000000000210e+01
2.887800000000000011e+01
1.186299999999999955e+01
4.024099999999999966e+01
9.339999999999999858e+00
4.674900000000000233e+01
2.221600000000000108e+01
7.248000000000000220e+00
2.550400000000000134e+01
2.489400000000000190e+01
8.992000000000000881e+00
2.735900000000000176e+01
1.951399999999999935e+01
1.716300000000000026e+01
3.133300000000000196e+01
7.349000000000000199e+00
7.323000000000000398e+00
2.176500000000000057e+01
2.808699999999999974e+01
3.149600000000000222e+01
2.266600000000000037e+01
3.123000000000000043e+01
2.652200000000000202e+01
1.527200000000000024e+01
1.362400000000000055e+01
2.831400000000000006e+01
1.226100000000000101e+01
1.389600000000000080e+01
2.133000000000000185e+01
1.187000000000000099e+01
1.603200000000000003e+01
1.760500000000000043e+01
1.350200000000000067e+01
3.574799999999999756e+01
9.883000000000000895e+00
3.000100000000000122e+01
1.644900000000000162e+01
1.558500000000000085e+01
9.326999999999999957e+00
7.616999999999999993e+00
3.037100000000000222e+01
2.187999999999999901e+01
7.687000000000000277e+00
1.306300000000000061e+01
2.551699999999999946e+01
1.435899999999999999e+01
1.468700000000000117e+01
2.411500000000000199e+01
3.029700000000000060e+01
1.420000000000000107e+01
1.155799999999999983e+01
1.417100000000000115e+01
9.692999999999999616e+00
1.132600000000000051e+01
3.004500000000000171e+01
1.923700000000000188e+01
1.235400000000000098e+01
1.752599999999999980e+01
1.518999999999999950e+01
1.610099999999999909e+01
2.024399999999999977e+01
8.547000000000000597e+00
1.042600000000000016e+01
1.191399999999999970e+01
1.479400000000000048e+01
2.043599999999999994e+01
2.092800000000000082e+01
3.677100000000000080e+01
2.391600000000000037e+01
1.880600000000000094e+01
2.455300000000000082e+01
1.466200000000000081e+01
4.426700000000000301e+01
6.627200000000000557e+01
2.315800000000000125e+01
4.450999999999999801e+01
1.976900000000000190e+01
2.156700000000000017e+01
2.641600000000000037e+01
1.534400000000000119e+01
4.307999999999999829e+01
1.612900000000000134e+01
1.056700000000000017e+01
1.406200000000000117e+01
2.125700000000000145e+01
9.247999999999999332e+00
2.504599999999999937e+01
2.560099999999999909e+01
7.745000000000000107e+00
1.641400000000000148e+01
9.256999999999999673e+00
2.059499999999999886e+01
9.781000000000000583e+00
8.858000000000000540e+00
1.437300000000000111e+01
2.357700000000000173e+01
1.100699999999999967e+01
1.163300000000000090e+01
3.577400000000000091e+01
1.078100000000000058e+01
2.085600000000000165e+01
2.823199999999999932e+01
1.047600000000000087e+01
1.366200000000000081e+01
2.015200000000000102e+01
4.566600000000000392e+01
1.144299999999999962e+01
2.859400000000000119e+01
1.449699999999999989e+01
3.569500000000000028e+01
2.723499999999999943e+01
2.693299999999999983e+01
1.728800000000000026e+01
1.065700000000000003e+01
3.193400000000000105e+01
2.762800000000000011e+01
1.158999999999999986e+01
1.819000000000000128e+01
9.217000000000000526e+00
1.744800000000000040e+01
8.169000000000000483e+00
1.746100000000000207e+01
2.116400000000000148e+01
2.076800000000000068e+01
1.722599999999999909e+01
9.595000000000000639e+00
1.800499999999999901e+01
3.348600000000000421e+01
8.934000000000001052e+00
1.298700000000000010e+01
2.340099999999999980e+01
2.138599999999999923e+01
1.819399999999999906e+01
3.914900000000000091e+01
7.627100000000000080e+01
2.188800000000000168e+01
1.576999999999999957e+01
1.682799999999999940e+01
1.375900000000000034e+01
1.352500000000000036e+01
1.603099999999999881e+01
2.403099999999999881e+01
1.925799999999999912e+01
2.119000000000000128e+01
1.218200000000000038e+01
2.098400000000000176e+01
2.174800000000000111e+01
1.308200000000000074e+01
2.396600000000000108e+01
1.966799999999999926e+01
1.639300000000000068e+01
2.139199999999999946e+01
3.662100000000000222e+01
1.869399999999999906e+01
1.035999999999999943e+01
1.561299999999999955e+01
2.917699999999999960e+01
6.717000000000000526e+00
1.413499999999999979e+01
2.204599999999999937e+01
2.735800000000000054e+01
4.208299999999999841e+01
2.286800000000000210e+01
1.550800000000000090e+01
1.600199999999999889e+01
1.784900000000000020e+01
2.001600000000000179e+01
2.533800000000000097e+01
4.167200000000000415e+01
