# lp/w = 1.5
# Pf/Ps = 0.75
# G = 1.0
# target = -10.0
# success rate = 100.0
2.184499999999999886e+01
2.397500000000000142e+01
1.967000000000000171e+01
1.705000000000000071e+01
2.798199999999999932e+01
2.081400000000000006e+01
2.400400000000000134e+01
3.026099999999999923e+01
2.693100000000000094e+01
2.111899999999999977e+01
2.316199999999999903e+01
1.740200000000000102e+01
2.723400000000000176e+01
4.847100000000000364e+01
3.160099999999999909e+01
3.041199999999999903e+01
2.368400000000000105e+01
1.846499999999999986e+01
2.738299999999999912e+01
1.912800000000000011e+01
1.556600000000000072e+01
3.969299999999999784e+01
1.724000000000000199e+01
1.882499999999999929e+01
2.493100000000000094e+01
4.848700000000000188e+01
1.691100000000000136e+01
2.463100000000000023e+01
1.825799999999999912e+01
1.871000000000000085e+01
2.014000000000000057e+01
2.508699999999999974e+01
3.829500000000000171e+01
2.324899999999999878e+01
3.259199999999999875e+01
2.718900000000000006e+01
2.430100000000000193e+01
6.438400000000000034e+01
2.806299999999999883e+01
1.935399999999999920e+01
2.615899999999999892e+01
2.076800000000000068e+01
1.286700000000000088e+01
2.620400000000000063e+01
3.266100000000000136e+01
1.804500000000000171e+01
1.249300000000000033e+01
1.798700000000000188e+01
2.450499999999999901e+01
3.678399999999999892e+01
3.635999999999999943e+01
3.182900000000000063e+01
2.638299999999999912e+01
2.072800000000000153e+01
2.270100000000000051e+01
2.933200000000000074e+01
1.288900000000000112e+01
1.936299999999999955e+01
2.234100000000000108e+01
1.843299999999999983e+01
1.424099999999999966e+01
2.213700000000000045e+01
1.889600000000000080e+01
2.213899999999999935e+01
2.093499999999999872e+01
1.675199999999999889e+01
2.979400000000000048e+01
1.949300000000000210e+01
2.131099999999999994e+01
1.463499999999999979e+01
3.089199999999999946e+01
1.968200000000000216e+01
2.736200000000000188e+01
1.762199999999999989e+01
1.911100000000000065e+01
1.569500000000000028e+01
1.947700000000000031e+01
1.636500000000000199e+01
2.565599999999999881e+01
3.194800000000000040e+01
4.961200000000000188e+01
2.146100000000000207e+01
4.605799999999999983e+01
1.835800000000000054e+01
2.770299999999999940e+01
2.135900000000000176e+01
3.101099999999999923e+01
3.125900000000000034e+01
2.690800000000000125e+01
1.493500000000000050e+01
1.913500000000000156e+01
2.017300000000000182e+01
2.934200000000000230e+01
1.878000000000000114e+01
1.754299999999999926e+01
1.237300000000000111e+01
1.957700000000000173e+01
1.817399999999999949e+01
1.162000000000000099e+01
2.105400000000000205e+01
3.504700000000000415e+01
1.701000000000000156e+01
1.570899999999999963e+01
2.039000000000000057e+01
2.567099999999999937e+01
2.088400000000000034e+01
2.644000000000000128e+01
3.498899999999999721e+01
2.627899999999999991e+01
1.999399999999999977e+01
5.410200000000000387e+01
1.699099999999999966e+01
2.106400000000000006e+01
2.550100000000000122e+01
1.837999999999999901e+01
1.961800000000000210e+01
2.810699999999999932e+01
3.798700000000000188e+01
2.855700000000000216e+01
2.201200000000000045e+01
2.563400000000000034e+01
2.260099999999999909e+01
1.718100000000000094e+01
2.815500000000000114e+01
1.917600000000000193e+01
2.100900000000000034e+01
1.746100000000000207e+01
2.883600000000000207e+01
2.425799999999999912e+01
1.226100000000000101e+01
2.123900000000000077e+01
4.812400000000000233e+01
1.556300000000000061e+01
2.967300000000000182e+01
1.509299999999999997e+01
2.346699999999999875e+01
2.108999999999999986e+01
1.758099999999999952e+01
2.076200000000000045e+01
2.592900000000000205e+01
1.329600000000000115e+01
1.500500000000000078e+01
3.863199999999999790e+01
3.966799999999999926e+01
2.560600000000000165e+01
1.602299999999999969e+01
5.038100000000000023e+01
1.724500000000000099e+01
1.822100000000000009e+01
4.226700000000000301e+01
1.288600000000000101e+01
3.611999999999999744e+01
3.348400000000000176e+01
2.289000000000000057e+01
1.699399999999999977e+01
1.292100000000000115e+01
3.638499999999999801e+01
3.128600000000000136e+01
2.013299999999999912e+01
1.937600000000000122e+01
3.248199999999999932e+01
3.126399999999999935e+01
2.298300000000000054e+01
4.753399999999999892e+01
2.608999999999999986e+01
4.556700000000000017e+01
3.003800000000000026e+01
2.617900000000000205e+01
3.540299999999999869e+01
2.108999999999999986e+01
2.229599999999999937e+01
2.008099999999999952e+01
1.657199999999999918e+01
2.526900000000000190e+01
1.728800000000000026e+01
1.612399999999999878e+01
3.523799999999999955e+01
4.471699999999999875e+01
2.076600000000000179e+01
2.768299999999999983e+01
1.759900000000000020e+01
2.102899999999999991e+01
3.458299999999999841e+01
2.748900000000000077e+01
2.201399999999999935e+01
1.628099999999999881e+01
1.643599999999999994e+01
2.216000000000000014e+01
1.128700000000000081e+01
3.011400000000000077e+01
1.514199999999999946e+01
1.555799999999999983e+01
2.026399999999999935e+01
1.612600000000000122e+01
1.888899999999999935e+01
3.779800000000000182e+01
2.348700000000000188e+01
2.331700000000000017e+01
4.407200000000000273e+01
2.695800000000000196e+01
2.594500000000000028e+01
5.050399999999999778e+01
2.004200000000000159e+01
1.900600000000000023e+01
1.803999999999999915e+01
2.019800000000000040e+01
2.292399999999999949e+01
1.334200000000000053e+01
3.220499999999999829e+01
4.135699999999999932e+01
1.325999999999999979e+01
4.258599999999999852e+01
2.533999999999999986e+01
2.965800000000000125e+01
1.343900000000000006e+01
2.801699999999999946e+01
2.042200000000000060e+01
2.854299999999999926e+01
6.683100000000000307e+01
2.472500000000000142e+01
1.462800000000000011e+01
1.927400000000000091e+01
1.791400000000000148e+01
1.638100000000000023e+01
2.294300000000000139e+01
2.989600000000000080e+01
2.001099999999999923e+01
1.491300000000000026e+01
2.348799999999999955e+01
1.903600000000000136e+01
1.446300000000000097e+01
1.751999999999999957e+01
5.812000000000000455e+01
1.648499999999999943e+01
1.600900000000000034e+01
5.112199999999999989e+01
4.944400000000000261e+01
2.063400000000000034e+01
3.508299999999999841e+01
2.786400000000000077e+01
2.699900000000000233e+01
3.680000000000000426e+01
2.839199999999999946e+01
1.765599999999999881e+01
2.121000000000000085e+01
1.679599999999999937e+01
1.809499999999999886e+01
2.219600000000000151e+01
2.335200000000000031e+01
3.285200000000000387e+01
1.295599999999999952e+01
1.529700000000000060e+01
2.085200000000000031e+01
1.967500000000000071e+01
2.129299999999999926e+01
2.051099999999999923e+01
1.320800000000000018e+01
3.775800000000000267e+01
2.929800000000000182e+01
1.841300000000000026e+01
2.688700000000000045e+01
1.582800000000000118e+01
4.040400000000000347e+01
1.597600000000000087e+01
1.832499999999999929e+01
1.871100000000000207e+01
1.692800000000000082e+01
2.274200000000000088e+01
2.626399999999999935e+01
1.388600000000000101e+01
1.508200000000000074e+01
2.001900000000000190e+01
1.876600000000000179e+01
2.183999999999999986e+01
1.908600000000000207e+01
2.212900000000000134e+01
1.769800000000000040e+01
1.502700000000000102e+01
1.247100000000000009e+01
2.107199999999999918e+01
1.878900000000000148e+01
4.721399999999999864e+01
2.095500000000000185e+01
3.183800000000000097e+01
1.708999999999999986e+01
2.403000000000000114e+01
3.882900000000000063e+01
2.065899999999999892e+01
1.674300000000000210e+01
2.766000000000000014e+01
3.511699999999999733e+01
2.088599999999999923e+01
2.346300000000000097e+01
4.600800000000000267e+01
1.518100000000000094e+01
3.395799999999999841e+01
2.146400000000000219e+01
1.691100000000000136e+01
2.302500000000000213e+01
1.470899999999999963e+01
2.282799999999999940e+01
4.972899999999999920e+01
2.982799999999999940e+01
2.706000000000000227e+01
2.181099999999999994e+01
2.359299999999999997e+01
2.125600000000000023e+01
1.611299999999999955e+01
1.750400000000000134e+01
1.362500000000000000e+01
2.922899999999999920e+01
2.207400000000000162e+01
1.809799999999999898e+01
1.542500000000000071e+01
2.068299999999999983e+01
1.319500000000000028e+01
2.502299999999999969e+01
2.978800000000000026e+01
5.734199999999999875e+01
9.771000000000000796e+00
1.613899999999999935e+01
1.374399999999999977e+01
3.190099999999999980e+01
1.307900000000000063e+01
1.589499999999999957e+01
1.470300000000000118e+01
1.561000000000000121e+01
2.077899999999999991e+01
2.673000000000000043e+01
1.398799999999999955e+01
2.763599999999999923e+01
1.682700000000000173e+01
3.107300000000000040e+01
2.914799999999999969e+01
1.803699999999999903e+01
1.794500000000000028e+01
1.585200000000000031e+01
2.696999999999999886e+01
3.713600000000000279e+01
1.145199999999999996e+01
2.829299999999999926e+01
2.210000000000000142e+01
1.229800000000000004e+01
2.930100000000000193e+01
1.767999999999999972e+01
2.015800000000000125e+01
2.321799999999999997e+01
2.891700000000000159e+01
2.921799999999999997e+01
3.486699999999999733e+01
1.310599999999999987e+01
2.106700000000000017e+01
1.301100000000000101e+01
2.117900000000000205e+01
2.474399999999999977e+01
2.878900000000000148e+01
2.279899999999999949e+01
1.476699999999999946e+01
1.550600000000000023e+01
1.537300000000000111e+01
2.126200000000000045e+01
3.672500000000000142e+01
2.041799999999999926e+01
1.845500000000000185e+01
1.619000000000000128e+01
1.610300000000000153e+01
1.939700000000000202e+01
1.578100000000000058e+01
1.529800000000000004e+01
1.393299999999999983e+01
1.900000000000000000e+01
2.566900000000000048e+01
6.489100000000000534e+01
2.012099999999999866e+01
2.792399999999999949e+01
1.637099999999999866e+01
1.703200000000000003e+01
2.845500000000000185e+01
2.694999999999999929e+01
1.848400000000000176e+01
2.584600000000000009e+01
2.029200000000000159e+01
2.117399999999999949e+01
3.505299999999999727e+01
3.362299999999999756e+01
5.938199999999999790e+01
2.318299999999999983e+01
2.080700000000000216e+01
3.076200000000000045e+01
3.340100000000000335e+01
1.982100000000000151e+01
1.315099999999999980e+01
1.529199999999999982e+01
4.033599999999999852e+01
2.603099999999999881e+01
2.560699999999999932e+01
3.028300000000000125e+01
1.489900000000000091e+01
3.284400000000000119e+01
1.987000000000000099e+01
4.684600000000000364e+01
2.331500000000000128e+01
1.988400000000000034e+01
5.358800000000000097e+01
1.714000000000000057e+01
3.848600000000000421e+01
1.692800000000000082e+01
2.103699999999999903e+01
1.617900000000000205e+01
3.274799999999999756e+01
1.898700000000000188e+01
1.838299999999999912e+01
2.546300000000000097e+01
4.499900000000000233e+01
1.952500000000000213e+01
2.107100000000000151e+01
2.554599999999999937e+01
2.572599999999999909e+01
1.401400000000000112e+01
1.840500000000000114e+01
1.243999999999999950e+01
1.866400000000000148e+01
2.050199999999999889e+01
2.323300000000000054e+01
2.831000000000000227e+01
2.232100000000000151e+01
2.997400000000000020e+01
1.515700000000000003e+01
2.399099999999999966e+01
2.332100000000000151e+01
2.397899999999999920e+01
3.923600000000000421e+01
1.613500000000000156e+01
1.411100000000000065e+01
2.744699999999999918e+01
1.371799999999999997e+01
1.664700000000000202e+01
2.070500000000000185e+01
2.226699999999999946e+01
3.216799999999999926e+01
1.492600000000000016e+01
3.459199999999999875e+01
2.524099999999999966e+01
2.562600000000000122e+01
1.934600000000000009e+01
3.087500000000000000e+01
4.541600000000000392e+01
2.505499999999999972e+01
2.506500000000000128e+01
1.548600000000000065e+01
2.292300000000000182e+01
2.954599999999999937e+01
1.899599999999999866e+01
2.320599999999999952e+01
1.335299999999999976e+01
2.761299999999999955e+01
3.885399999999999920e+01
2.957900000000000063e+01
2.035699999999999932e+01
1.791300000000000026e+01
1.399399999999999977e+01
1.743499999999999872e+01
2.899800000000000111e+01
1.931400000000000006e+01
2.970299999999999940e+01
2.632799999999999940e+01
1.284299999999999997e+01
1.350900000000000034e+01
2.118599999999999994e+01
1.306600000000000072e+01
2.292900000000000205e+01
5.283299999999999841e+01
2.230700000000000216e+01
1.548000000000000043e+01
2.370500000000000185e+01
4.045499999999999829e+01
1.283399999999999963e+01
3.458400000000000318e+01
1.965899999999999892e+01
2.296600000000000108e+01
1.749300000000000210e+01
3.139000000000000057e+01
2.601699999999999946e+01
4.157200000000000273e+01
1.985200000000000031e+01
2.417900000000000205e+01
1.614000000000000057e+01
1.444599999999999973e+01
2.881400000000000006e+01
1.492200000000000060e+01
2.182499999999999929e+01
3.176200000000000045e+01
2.578600000000000136e+01
1.628300000000000125e+01
2.251800000000000068e+01
1.749399999999999977e+01
1.817800000000000082e+01
2.287199999999999989e+01
2.195400000000000063e+01
1.525699999999999967e+01
3.756400000000000006e+01
2.243499999999999872e+01
1.790099999999999980e+01
2.172400000000000020e+01
1.968799999999999883e+01
1.460100000000000087e+01
2.501900000000000190e+01
1.661400000000000077e+01
3.468800000000000239e+01
1.827200000000000202e+01
4.944400000000000261e+01
2.406099999999999994e+01
4.124499999999999744e+01
1.738500000000000156e+01
1.850400000000000134e+01
3.252400000000000091e+01
1.958000000000000185e+01
2.713599999999999923e+01
1.856099999999999994e+01
3.167999999999999972e+01
1.651099999999999923e+01
3.153900000000000148e+01
1.808699999999999974e+01
1.504100000000000037e+01
3.174099999999999966e+01
1.891900000000000048e+01
2.662400000000000233e+01
1.912900000000000134e+01
1.317300000000000004e+01
1.224000000000000021e+01
1.504400000000000048e+01
3.217000000000000171e+01
2.772700000000000031e+01
1.691600000000000037e+01
2.292800000000000082e+01
1.815000000000000213e+01
3.455000000000000426e+01
2.305999999999999872e+01
3.350399999999999778e+01
2.898600000000000065e+01
2.295599999999999952e+01
1.727500000000000213e+01
1.747400000000000020e+01
1.637999999999999901e+01
1.452400000000000091e+01
3.105900000000000105e+01
2.717900000000000205e+01
1.865500000000000114e+01
3.216100000000000136e+01
3.175799999999999912e+01
3.045299999999999940e+01
2.524000000000000199e+01
2.049899999999999878e+01
2.103500000000000014e+01
1.878900000000000148e+01
2.634600000000000009e+01
2.284799999999999898e+01
3.571500000000000341e+01
1.559699999999999953e+01
2.505300000000000082e+01
2.393100000000000094e+01
2.175000000000000000e+01
1.679599999999999937e+01
2.118499999999999872e+01
1.814100000000000179e+01
4.306199999999999761e+01
1.711599999999999966e+01
1.313499999999999979e+01
2.073400000000000176e+01
3.478000000000000114e+01
1.427599999999999980e+01
2.189100000000000179e+01
1.070000000000000107e+01
1.721699999999999875e+01
2.602899999999999991e+01
2.173400000000000176e+01
4.479100000000000392e+01
2.595899999999999963e+01
1.768499999999999872e+01
1.447900000000000098e+01
2.262500000000000000e+01
1.361800000000000033e+01
2.027299999999999969e+01
1.596900000000000119e+01
1.952700000000000102e+01
1.736200000000000188e+01
2.535600000000000165e+01
1.447700000000000031e+01
1.466399999999999970e+01
2.083399999999999963e+01
2.427500000000000213e+01
1.534400000000000119e+01
1.685000000000000142e+01
1.804200000000000159e+01
6.573600000000000421e+01
1.265700000000000003e+01
2.549000000000000199e+01
2.261100000000000065e+01
1.998100000000000165e+01
2.007799999999999940e+01
1.980900000000000105e+01
1.977700000000000102e+01
1.596300000000000097e+01
2.949600000000000222e+01
2.561899999999999977e+01
1.837300000000000111e+01
2.098799999999999955e+01
1.658300000000000196e+01
1.515399999999999991e+01
2.484400000000000119e+01
2.676399999999999935e+01
2.509299999999999997e+01
1.673799999999999955e+01
1.472600000000000087e+01
2.862100000000000222e+01
1.716000000000000014e+01
3.983400000000000318e+01
2.674399999999999977e+01
1.917699999999999960e+01
1.900199999999999889e+01
1.323399999999999999e+01
2.126999999999999957e+01
2.158300000000000196e+01
2.159199999999999875e+01
1.502599999999999980e+01
2.284299999999999997e+01
1.602100000000000080e+01
3.298600000000000421e+01
2.249899999999999878e+01
2.553999999999999915e+01
1.232500000000000107e+01
4.533899999999999864e+01
1.929700000000000060e+01
1.768599999999999994e+01
3.171499999999999986e+01
3.962700000000000244e+01
2.611500000000000199e+01
1.634100000000000108e+01
1.813299999999999912e+01
3.695100000000000051e+01
1.696699999999999875e+01
1.816000000000000014e+01
1.495300000000000118e+01
1.676500000000000057e+01
2.343499999999999872e+01
2.090099999999999980e+01
2.369500000000000028e+01
2.834600000000000009e+01
2.122500000000000142e+01
1.404000000000000092e+01
4.212199999999999989e+01
2.675499999999999901e+01
2.098900000000000077e+01
2.679599999999999937e+01
1.981200000000000117e+01
1.810200000000000031e+01
1.834100000000000108e+01
1.717699999999999960e+01
3.438300000000000267e+01
2.606200000000000117e+01
1.229499999999999993e+01
2.573300000000000054e+01
1.405199999999999960e+01
1.929800000000000182e+01
2.973300000000000054e+01
1.949300000000000210e+01
2.098199999999999932e+01
1.967399999999999949e+01
2.412699999999999889e+01
2.762000000000000099e+01
2.267200000000000060e+01
1.820899999999999963e+01
2.132900000000000063e+01
2.013700000000000045e+01
2.580900000000000105e+01
1.807000000000000028e+01
1.527599999999999980e+01
3.302700000000000102e+01
2.828300000000000125e+01
4.538900000000000290e+01
1.267500000000000071e+01
2.691700000000000159e+01
3.962199999999999989e+01
2.005300000000000082e+01
2.597899999999999920e+01
3.730299999999999727e+01
3.163400000000000034e+01
1.620500000000000185e+01
2.150799999999999912e+01
2.370899999999999963e+01
1.506900000000000084e+01
2.103999999999999915e+01
3.316700000000000159e+01
2.516400000000000148e+01
5.863000000000000256e+01
1.514799999999999969e+01
1.237000000000000099e+01
1.858200000000000074e+01
1.608899999999999864e+01
1.341000000000000014e+01
2.493799999999999883e+01
1.986500000000000199e+01
1.587199999999999989e+01
2.615899999999999892e+01
2.173900000000000077e+01
4.574300000000000210e+01
2.493100000000000094e+01
2.118499999999999872e+01
1.908500000000000085e+01
2.515200000000000102e+01
3.103999999999999915e+01
5.754500000000000171e+01
3.738100000000000023e+01
1.361500000000000021e+01
1.815800000000000125e+01
1.264100000000000001e+01
1.865500000000000114e+01
1.824800000000000111e+01
1.282500000000000107e+01
3.249900000000000233e+01
2.235600000000000165e+01
2.568400000000000105e+01
2.010399999999999920e+01
2.786299999999999955e+01
1.976600000000000179e+01
1.367999999999999972e+01
2.127700000000000102e+01
4.442099999999999937e+01
2.396600000000000108e+01
1.698600000000000065e+01
2.556899999999999906e+01
1.882600000000000051e+01
2.238100000000000023e+01
2.038599999999999923e+01
1.264900000000000091e+01
1.337700000000000067e+01
2.435900000000000176e+01
1.830000000000000071e+01
3.275099999999999767e+01
2.151300000000000168e+01
3.215200000000000102e+01
2.468799999999999883e+01
1.779500000000000171e+01
2.211700000000000088e+01
1.981500000000000128e+01
1.855799999999999983e+01
2.382199999999999918e+01
3.986400000000000432e+01
1.887999999999999901e+01
2.147500000000000142e+01
1.630999999999999872e+01
5.635399999999999920e+01
3.520600000000000307e+01
1.826099999999999923e+01
2.069300000000000139e+01
1.866700000000000159e+01
1.771199999999999974e+01
1.278500000000000014e+01
1.892200000000000060e+01
2.418500000000000227e+01
3.406400000000000006e+01
2.886299999999999955e+01
3.622100000000000364e+01
3.193599999999999994e+01
2.495899999999999963e+01
1.916300000000000026e+01
1.858399999999999963e+01
3.040800000000000125e+01
2.789799999999999969e+01
4.486599999999999966e+01
2.263299999999999912e+01
1.926900000000000190e+01
1.270100000000000051e+01
3.284000000000000341e+01
2.417300000000000182e+01
1.579100000000000037e+01
3.145899999999999963e+01
1.328100000000000058e+01
1.426600000000000001e+01
1.322000000000000064e+01
2.975600000000000023e+01
2.126600000000000179e+01
2.241300000000000026e+01
2.373300000000000054e+01
1.547799999999999976e+01
2.164499999999999957e+01
4.644700000000000273e+01
1.662199999999999989e+01
1.689799999999999969e+01
1.860500000000000043e+01
3.363700000000000045e+01
1.486100000000000065e+01
2.788500000000000156e+01
1.590000000000000036e+01
3.524499999999999744e+01
2.927500000000000213e+01
1.697899999999999920e+01
1.200399999999999956e+01
1.515000000000000036e+01
1.744699999999999918e+01
2.137000000000000099e+01
2.609600000000000009e+01
1.589499999999999957e+01
1.805000000000000071e+01
2.247400000000000020e+01
2.795700000000000074e+01
1.784400000000000119e+01
1.839900000000000091e+01
2.346600000000000108e+01
2.647400000000000020e+01
2.231299999999999883e+01
1.066200000000000081e+01
3.018299999999999983e+01
2.385500000000000043e+01
1.502299999999999969e+01
1.661500000000000199e+01
3.622899999999999920e+01
1.805900000000000105e+01
1.806700000000000017e+01
1.471700000000000053e+01
2.133099999999999952e+01
2.860900000000000176e+01
3.053000000000000114e+01
3.037199999999999989e+01
2.329599999999999937e+01
1.838400000000000034e+01
3.111100000000000065e+01
3.084299999999999997e+01
2.072299999999999898e+01
2.427899999999999991e+01
1.429199999999999982e+01
1.839900000000000091e+01
1.976099999999999923e+01
2.891900000000000048e+01
2.533600000000000207e+01
2.657600000000000051e+01
1.976500000000000057e+01
1.439400000000000013e+01
1.568800000000000061e+01
2.282799999999999940e+01
1.791900000000000048e+01
1.559600000000000009e+01
1.624500000000000099e+01
3.212400000000000233e+01
1.418200000000000038e+01
1.736700000000000088e+01
3.749600000000000222e+01
1.404899999999999949e+01
3.291400000000000148e+01
2.642099999999999937e+01
1.732799999999999940e+01
2.529299999999999926e+01
2.463500000000000156e+01
1.696399999999999864e+01
2.373199999999999932e+01
2.346400000000000219e+01
1.651900000000000190e+01
1.393299999999999983e+01
2.366700000000000159e+01
1.431400000000000006e+01
2.951699999999999946e+01
2.516700000000000159e+01
1.494700000000000095e+01
2.030100000000000193e+01
2.267500000000000071e+01
2.380999999999999872e+01
2.448000000000000043e+01
2.090800000000000125e+01
1.503200000000000003e+01
1.166150000000000091e+02
1.509200000000000053e+01
4.679400000000000404e+01
1.636500000000000199e+01
2.072299999999999898e+01
2.367099999999999937e+01
2.174600000000000222e+01
3.176600000000000179e+01
3.180499999999999972e+01
2.020299999999999940e+01
1.433800000000000097e+01
2.137000000000000099e+01
1.764400000000000190e+01
1.844999999999999929e+01
1.676099999999999923e+01
1.712999999999999901e+01
2.889600000000000080e+01
2.308099999999999952e+01
2.061400000000000077e+01
1.733999999999999986e+01
1.499099999999999966e+01
2.780900000000000105e+01
1.677799999999999869e+01
1.484699999999999953e+01
1.790399999999999991e+01
1.734900000000000020e+01
4.314000000000000057e+01
1.545599999999999952e+01
2.250700000000000145e+01
2.777899999999999991e+01
2.692699999999999960e+01
2.868700000000000117e+01
1.767399999999999949e+01
1.540799999999999947e+01
2.108300000000000196e+01
3.291799999999999926e+01
1.937399999999999878e+01
1.795200000000000173e+01
1.996999999999999886e+01
2.555600000000000094e+01
2.027500000000000213e+01
1.559999999999999964e+01
1.161800000000000033e+01
1.185100000000000087e+01
2.189199999999999946e+01
2.902299999999999969e+01
2.237500000000000000e+01
2.678999999999999915e+01
2.035500000000000043e+01
3.988700000000000045e+01
2.195299999999999940e+01
2.777800000000000225e+01
2.549500000000000099e+01
1.542800000000000082e+01
1.924800000000000111e+01
3.841900000000000404e+01
2.275799999999999912e+01
2.521999999999999886e+01
2.617300000000000182e+01
1.792699999999999960e+01
2.460300000000000153e+01
1.917099999999999937e+01
1.665299999999999869e+01
1.180900000000000105e+01
1.272799999999999976e+01
3.519200000000000017e+01
2.319500000000000028e+01
1.793299999999999983e+01
1.642399999999999949e+01
2.162199999999999989e+01
2.408800000000000097e+01
2.018900000000000006e+01
1.535400000000000098e+01
2.215200000000000102e+01
3.541100000000000136e+01
1.268200000000000038e+01
1.395700000000000074e+01
2.734499999999999886e+01
3.725699999999999790e+01
2.988500000000000156e+01
5.960699999999999932e+01
2.013400000000000034e+01
1.402200000000000024e+01
1.805199999999999960e+01
2.048499999999999943e+01
2.682700000000000173e+01
2.392200000000000060e+01
1.469100000000000072e+01
2.829500000000000171e+01
3.879500000000000171e+01
2.708500000000000085e+01
1.339799999999999969e+01
1.419899999999999984e+01
3.842000000000000171e+01
1.773100000000000165e+01
2.263700000000000045e+01
1.446499999999999986e+01
3.290599999999999881e+01
1.253800000000000026e+01
1.225200000000000067e+01
4.093399999999999750e+01
1.326299999999999990e+01
2.357400000000000162e+01
4.018699999999999761e+01
1.517900000000000027e+01
1.902799999999999869e+01
4.782099999999999795e+01
2.612100000000000222e+01
2.186800000000000210e+01
1.568999999999999950e+01
2.350100000000000122e+01
2.101300000000000168e+01
2.143900000000000006e+01
2.315200000000000102e+01
2.769900000000000162e+01
2.222400000000000020e+01
1.585599999999999987e+01
2.132400000000000162e+01
2.264799999999999969e+01
2.108099999999999952e+01
2.049200000000000088e+01
1.460100000000000087e+01
2.029500000000000171e+01
8.555400000000000205e+01
3.765700000000000358e+01
3.801200000000000045e+01
1.321199999999999974e+01
1.563000000000000078e+01
1.619999999999999929e+01
3.019200000000000017e+01
1.561599999999999966e+01
2.093299999999999983e+01
3.414200000000000301e+01
4.274099999999999966e+01
3.103200000000000003e+01
3.643099999999999739e+01
3.906199999999999761e+01
2.903699999999999903e+01
1.597900000000000098e+01
2.408800000000000097e+01
1.437199999999999989e+01
1.631599999999999895e+01
1.909400000000000119e+01
1.764799999999999969e+01
2.242000000000000171e+01
2.625700000000000145e+01
1.344599999999999973e+01
1.683000000000000185e+01
3.134900000000000020e+01
2.749300000000000210e+01
1.853399999999999892e+01
2.723199999999999932e+01
4.786700000000000443e+01
2.267099999999999937e+01
2.571600000000000108e+01
2.230400000000000205e+01
1.854400000000000048e+01
1.863299999999999912e+01
3.105900000000000105e+01
2.212000000000000099e+01
1.665399999999999991e+01
1.923400000000000176e+01
2.041799999999999926e+01
3.245799999999999841e+01
1.737500000000000000e+01
4.314399999999999835e+01
2.065299999999999869e+01
2.274699999999999989e+01
1.615200000000000102e+01
1.710800000000000054e+01
1.440700000000000003e+01
1.675300000000000011e+01
1.953500000000000014e+01
2.096999999999999886e+01
2.958300000000000196e+01
1.701699999999999946e+01
1.844300000000000139e+01
2.147500000000000142e+01
2.612500000000000000e+01
2.019200000000000017e+01
2.525000000000000000e+01
1.409100000000000108e+01
2.369699999999999918e+01
1.415300000000000047e+01
1.741400000000000148e+01
2.031400000000000006e+01
3.818699999999999761e+01
2.487000000000000099e+01
2.411800000000000210e+01
2.239799999999999969e+01
2.299099999999999966e+01
1.578000000000000114e+01
2.637100000000000222e+01
1.896199999999999974e+01
2.062399999999999878e+01
1.608699999999999974e+01
2.175100000000000122e+01
1.381200000000000117e+01
2.138200000000000145e+01
2.795100000000000051e+01
5.555400000000000205e+01
1.639600000000000080e+01
1.126500000000000057e+01
1.360599999999999987e+01
2.131700000000000017e+01
2.106899999999999906e+01
3.273000000000000398e+01
2.287800000000000011e+01
1.790700000000000003e+01
2.574399999999999977e+01
2.274800000000000111e+01
2.475300000000000011e+01
1.933999999999999986e+01
3.058300000000000196e+01
1.801800000000000068e+01
2.855799999999999983e+01
1.014300000000000068e+01
1.697500000000000142e+01
2.450900000000000034e+01
1.177999999999999936e+01
2.548400000000000176e+01
1.820700000000000074e+01
1.776099999999999923e+01
1.822599999999999909e+01
4.598300000000000409e+01
2.148199999999999932e+01
1.554800000000000004e+01
1.838899999999999935e+01
1.563900000000000112e+01
1.699200000000000088e+01
1.168200000000000038e+01
2.261500000000000199e+01
1.790599999999999881e+01
2.176999999999999957e+01
2.546199999999999974e+01
1.965299999999999869e+01
1.938400000000000034e+01
2.374300000000000210e+01
1.332500000000000107e+01
1.734299999999999997e+01
1.461400000000000077e+01
1.502500000000000036e+01
3.796500000000000341e+01
2.098499999999999943e+01
3.501100000000000279e+01
2.328500000000000014e+01
2.095100000000000051e+01
3.237299999999999756e+01
2.939100000000000179e+01
1.888200000000000145e+01
2.043700000000000117e+01
2.051900000000000190e+01
1.182900000000000063e+01
1.845899999999999963e+01
2.151600000000000179e+01
1.611599999999999966e+01
2.084100000000000108e+01
4.472400000000000375e+01
1.736200000000000188e+01
5.420799999999999841e+01
1.666300000000000026e+01
3.404999999999999716e+01
1.811899999999999977e+01
1.646199999999999974e+01
1.399800000000000111e+01
2.141900000000000048e+01
1.560800000000000054e+01
2.208699999999999974e+01
3.146600000000000108e+01
1.822599999999999909e+01
2.088200000000000145e+01
1.979299999999999926e+01
1.789100000000000179e+01
2.961800000000000210e+01
1.846000000000000085e+01
4.148700000000000188e+01
2.185399999999999920e+01
1.779400000000000048e+01
2.293799999999999883e+01
1.187500000000000000e+01
2.075400000000000134e+01
2.658500000000000085e+01
1.531099999999999994e+01
1.839600000000000080e+01
1.714300000000000068e+01
1.867800000000000082e+01
3.133300000000000196e+01
1.254000000000000092e+01
2.482700000000000173e+01
1.937800000000000011e+01
2.238700000000000045e+01
2.973100000000000165e+01
2.830300000000000082e+01
2.094800000000000040e+01
2.336899999999999977e+01
2.124099999999999966e+01
2.621999999999999886e+01
1.633000000000000185e+01
1.182099999999999973e+01
1.728099999999999881e+01
2.046300000000000097e+01
1.762999999999999901e+01
1.771499999999999986e+01
2.333000000000000185e+01
1.952400000000000091e+01
2.849500000000000099e+01
2.006700000000000017e+01
1.859100000000000108e+01
1.767300000000000182e+01
1.390099999999999980e+01
2.634400000000000119e+01
2.117099999999999937e+01
2.824699999999999989e+01
1.040900000000000070e+01
2.121900000000000119e+01
1.515500000000000114e+01
1.908300000000000196e+01
2.598300000000000054e+01
1.985699999999999932e+01
2.246000000000000085e+01
3.066400000000000148e+01
2.601099999999999923e+01
3.162800000000000011e+01
3.789800000000000324e+01
2.708699999999999974e+01
2.242500000000000071e+01
2.722599999999999909e+01
3.278800000000000381e+01
2.425700000000000145e+01
2.515800000000000125e+01
2.105499999999999972e+01
1.415000000000000036e+01
3.583100000000000307e+01
1.677400000000000091e+01
1.715399999999999991e+01
3.283299999999999841e+01
2.901600000000000179e+01
1.473300000000000054e+01
1.665700000000000003e+01
1.550600000000000023e+01
3.960300000000000153e+01
2.149099999999999966e+01
1.383300000000000018e+01
2.718299999999999983e+01
1.704700000000000060e+01
1.982199999999999918e+01
1.551100000000000101e+01
1.709900000000000020e+01
2.880100000000000193e+01
3.206700000000000017e+01
1.706500000000000128e+01
3.134200000000000230e+01
2.469500000000000028e+01
1.795599999999999952e+01
3.318200000000000216e+01
1.964700000000000202e+01
1.581499999999999950e+01
1.724399999999999977e+01
2.762100000000000222e+01
3.706400000000000006e+01
1.411899999999999977e+01
2.232100000000000151e+01
1.826500000000000057e+01
1.928000000000000114e+01
2.295899999999999963e+01
1.670599999999999952e+01
3.274099999999999966e+01
2.365899999999999892e+01
1.830100000000000193e+01
3.552700000000000102e+01
2.486299999999999955e+01
1.990599999999999881e+01
1.920299999999999940e+01
2.903900000000000148e+01
3.007400000000000162e+01
4.093800000000000239e+01
3.910800000000000409e+01
1.913700000000000045e+01
2.748600000000000065e+01
1.833899999999999864e+01
2.790500000000000114e+01
2.103399999999999892e+01
1.731700000000000017e+01
4.483599999999999852e+01
2.528900000000000148e+01
3.303999999999999915e+01
2.479400000000000048e+01
1.991100000000000136e+01
2.410999999999999943e+01
1.499699999999999989e+01
1.728999999999999915e+01
1.848700000000000188e+01
1.780199999999999960e+01
2.718200000000000216e+01
1.255100000000000016e+01
2.398499999999999943e+01
1.736299999999999955e+01
3.264800000000000324e+01
2.112600000000000122e+01
2.296300000000000097e+01
2.092699999999999960e+01
2.112500000000000000e+01
1.671399999999999864e+01
1.722200000000000131e+01
4.344400000000000261e+01
1.722500000000000142e+01
1.897700000000000031e+01
2.155799999999999983e+01
2.432799999999999940e+01
2.355000000000000071e+01
2.994099999999999895e+01
1.487100000000000044e+01
2.520500000000000185e+01
2.645200000000000173e+01
1.525500000000000078e+01
1.614799999999999969e+01
2.095599999999999952e+01
1.928399999999999892e+01
3.418500000000000227e+01
1.642600000000000193e+01
1.908099999999999952e+01
1.463700000000000045e+01
2.178399999999999892e+01
1.810000000000000142e+01
2.298199999999999932e+01
1.103200000000000003e+01
2.055999999999999872e+01
2.006899999999999906e+01
1.381099999999999994e+01
2.092600000000000193e+01
4.475000000000000000e+01
2.179700000000000060e+01
4.205000000000000426e+01
2.830000000000000071e+01
1.926699999999999946e+01
2.319500000000000028e+01
1.211299999999999955e+01
2.698600000000000065e+01
2.174600000000000222e+01
1.683200000000000074e+01
1.412700000000000067e+01
2.832799999999999940e+01
3.256600000000000250e+01
2.769300000000000139e+01
1.558200000000000074e+01
1.767099999999999937e+01
1.843599999999999994e+01
2.108300000000000196e+01
2.696999999999999886e+01
2.010600000000000165e+01
2.813299999999999912e+01
2.548100000000000165e+01
1.561200000000000010e+01
1.772599999999999909e+01
1.868100000000000094e+01
2.666199999999999903e+01
2.673799999999999955e+01
2.815399999999999991e+01
1.284999999999999964e+01
1.907300000000000040e+01
1.504300000000000104e+01
1.689199999999999946e+01
2.656800000000000139e+01
1.598600000000000065e+01
3.084200000000000230e+01
2.892399999999999949e+01
2.354500000000000171e+01
1.312899999999999956e+01
1.459800000000000075e+01
2.027799999999999869e+01
2.996199999999999974e+01
3.534499999999999886e+01
1.418700000000000117e+01
2.791499999999999915e+01
3.370700000000000074e+01
1.029100000000000037e+01
1.416600000000000037e+01
1.720800000000000196e+01
1.287500000000000000e+01
2.713500000000000156e+01
1.344599999999999973e+01
1.569100000000000072e+01
1.959900000000000020e+01
1.937999999999999901e+01
1.872500000000000142e+01
1.547300000000000075e+01
2.659600000000000009e+01
2.080100000000000193e+01
2.730700000000000216e+01
1.974899999999999878e+01
2.703300000000000125e+01
2.619999999999999929e+01
1.275500000000000078e+01
1.602200000000000202e+01
2.991499999999999915e+01
3.139199999999999946e+01
1.808699999999999974e+01
1.853800000000000026e+01
1.947200000000000131e+01
2.182100000000000151e+01
3.462700000000000244e+01
2.086200000000000188e+01
1.490700000000000003e+01
2.576600000000000179e+01
1.430100000000000016e+01
1.441300000000000026e+01
1.640599999999999881e+01
1.938599999999999923e+01
1.712800000000000011e+01
2.346900000000000119e+01
2.396000000000000085e+01
1.373000000000000043e+01
4.083299999999999841e+01
2.399500000000000099e+01
2.246600000000000108e+01
1.607799999999999940e+01
3.856600000000000250e+01
2.685300000000000153e+01
2.733200000000000074e+01
2.268599999999999994e+01
1.980499999999999972e+01
1.334699999999999953e+01
2.899399999999999977e+01
2.635399999999999920e+01
2.595500000000000185e+01
2.754899999999999949e+01
2.082199999999999918e+01
1.694600000000000151e+01
2.116300000000000026e+01
3.062600000000000122e+01
1.894099999999999895e+01
3.349199999999999733e+01
2.215599999999999881e+01
2.140000000000000213e+01
1.660000000000000142e+01
2.045200000000000173e+01
1.602599999999999980e+01
2.034900000000000020e+01
2.111899999999999977e+01
1.354100000000000037e+01
1.499699999999999989e+01
2.537399999999999878e+01
2.274300000000000210e+01
1.428100000000000058e+01
2.881700000000000017e+01
1.705699999999999861e+01
1.090700000000000003e+01
2.683699999999999974e+01
1.766799999999999926e+01
2.219699999999999918e+01
3.252100000000000080e+01
2.133300000000000196e+01
1.703000000000000114e+01
1.926300000000000168e+01
3.496300000000000097e+01
1.551100000000000101e+01
1.532500000000000107e+01
1.779599999999999937e+01
1.941199999999999903e+01
3.358299999999999841e+01
1.076699999999999946e+01
3.575500000000000256e+01
1.464799999999999969e+01
3.500999999999999801e+01
1.782100000000000151e+01
1.633600000000000207e+01
2.517900000000000205e+01
2.965399999999999991e+01
3.186800000000000210e+01
1.699599999999999866e+01
1.549900000000000055e+01
2.183900000000000219e+01
1.772800000000000153e+01
1.636700000000000088e+01
2.254899999999999949e+01
3.021100000000000207e+01
1.700900000000000034e+01
6.004299999999999926e+01
2.313700000000000045e+01
1.272600000000000087e+01
1.920200000000000173e+01
3.255199999999999960e+01
1.589000000000000057e+01
1.967600000000000193e+01
3.304700000000000415e+01
1.960600000000000165e+01
2.611899999999999977e+01
1.660900000000000176e+01
4.332399999999999807e+01
2.404800000000000182e+01
2.488100000000000023e+01
2.302400000000000091e+01
3.268099999999999739e+01
3.277499999999999858e+01
1.903600000000000136e+01
2.796900000000000119e+01
2.795400000000000063e+01
2.356200000000000117e+01
4.323300000000000409e+01
1.928000000000000114e+01
2.016400000000000148e+01
2.768799999999999883e+01
2.367699999999999960e+01
2.093900000000000006e+01
1.970500000000000185e+01
1.943799999999999883e+01
1.513400000000000034e+01
5.046999999999999886e+01
3.807999999999999829e+01
3.497299999999999898e+01
2.352899999999999991e+01
1.157699999999999996e+01
2.008200000000000074e+01
2.012500000000000000e+01
5.357099999999999795e+01
3.800900000000000034e+01
4.318500000000000227e+01
2.254500000000000171e+01
2.152200000000000202e+01
4.396600000000000108e+01
2.464900000000000091e+01
2.448400000000000176e+01
1.878800000000000026e+01
1.520800000000000018e+01
1.520700000000000074e+01
1.920599999999999952e+01
1.607600000000000051e+01
2.183900000000000219e+01
2.705900000000000105e+01
2.976200000000000045e+01
1.404000000000000092e+01
2.230900000000000105e+01
2.388200000000000145e+01
2.252299999999999969e+01
2.212800000000000011e+01
1.585299999999999976e+01
3.069099999999999895e+01
2.151800000000000068e+01
1.677400000000000091e+01
2.484299999999999997e+01
2.872700000000000031e+01
2.975000000000000000e+01
1.910999999999999943e+01
1.951600000000000179e+01
1.739000000000000057e+01
2.607000000000000028e+01
1.973600000000000065e+01
1.472100000000000009e+01
2.142099999999999937e+01
1.953999999999999915e+01
2.060800000000000054e+01
2.750799999999999912e+01
2.946999999999999886e+01
3.369899999999999807e+01
2.819500000000000028e+01
2.464499999999999957e+01
2.395700000000000074e+01
2.943700000000000117e+01
1.976300000000000168e+01
1.692200000000000060e+01
2.535500000000000043e+01
1.983099999999999952e+01
1.861299999999999955e+01
2.707199999999999918e+01
3.781000000000000227e+01
2.131099999999999994e+01
1.409500000000000064e+01
1.349500000000000099e+01
2.204500000000000171e+01
1.680900000000000105e+01
2.612800000000000011e+01
2.109199999999999875e+01
1.863500000000000156e+01
3.414399999999999835e+01
1.973300000000000054e+01
3.206199999999999761e+01
2.480900000000000105e+01
6.033200000000000074e+01
1.887699999999999889e+01
1.754800000000000182e+01
1.635800000000000054e+01
2.820800000000000196e+01
2.487000000000000099e+01
4.067099999999999937e+01
2.369099999999999895e+01
2.985999999999999943e+01
1.455400000000000027e+01
1.507699999999999996e+01
1.890299999999999869e+01
1.352200000000000024e+01
3.394800000000000040e+01
1.956599999999999895e+01
2.101500000000000057e+01
2.675000000000000000e+01
2.922400000000000020e+01
3.345499999999999829e+01
1.007500000000000107e+01
3.645900000000000318e+01
1.384200000000000053e+01
1.408200000000000074e+01
1.705400000000000205e+01
2.023300000000000054e+01
2.221000000000000085e+01
1.019299999999999962e+01
4.036999999999999744e+01
1.176400000000000112e+01
2.308500000000000085e+01
2.950300000000000011e+01
1.495500000000000007e+01
2.743200000000000216e+01
3.785500000000000398e+01
1.892000000000000171e+01
2.140000000000000213e+01
2.399399999999999977e+01
2.259299999999999997e+01
2.796999999999999886e+01
1.891499999999999915e+01
1.910500000000000043e+01
2.130300000000000082e+01
2.561299999999999955e+01
3.624499999999999744e+01
2.620100000000000051e+01
2.133500000000000085e+01
1.329600000000000115e+01
1.266000000000000014e+01
2.780700000000000216e+01
1.407699999999999996e+01
3.422500000000000142e+01
2.210200000000000031e+01
1.302299999999999969e+01
1.639100000000000179e+01
2.677299999999999969e+01
2.383099999999999952e+01
2.311200000000000188e+01
1.563499999999999979e+01
2.269300000000000139e+01
1.276999999999999957e+01
4.174399999999999977e+01
1.786599999999999966e+01
1.776200000000000045e+01
2.719200000000000017e+01
1.658699999999999974e+01
2.453000000000000114e+01
1.817699999999999960e+01
1.754100000000000037e+01
1.988400000000000034e+01
3.134299999999999997e+01
4.437800000000000011e+01
1.492699999999999960e+01
2.348499999999999943e+01
1.784100000000000108e+01
2.711700000000000088e+01
2.012999999999999901e+01
2.053399999999999892e+01
1.488400000000000034e+01
3.564900000000000091e+01
2.527800000000000225e+01
2.029100000000000037e+01
2.207400000000000162e+01
2.307900000000000063e+01
2.653699999999999903e+01
2.408800000000000097e+01
2.342000000000000171e+01
2.264799999999999969e+01
1.850000000000000000e+01
2.125499999999999901e+01
2.068700000000000117e+01
2.170899999999999963e+01
1.759600000000000009e+01
1.751600000000000179e+01
1.213499999999999979e+01
2.048900000000000077e+01
1.901800000000000068e+01
2.312900000000000134e+01
2.104800000000000182e+01
2.032900000000000063e+01
1.984600000000000009e+01
1.851399999999999935e+01
2.252100000000000080e+01
1.587400000000000055e+01
1.988400000000000034e+01
1.833200000000000074e+01
2.663200000000000145e+01
2.166199999999999903e+01
3.441300000000000381e+01
2.801000000000000156e+01
1.597100000000000009e+01
2.030600000000000094e+01
3.871000000000000085e+01
3.127700000000000102e+01
2.370800000000000196e+01
2.176999999999999957e+01
4.098700000000000188e+01
1.594400000000000084e+01
1.609400000000000119e+01
2.148499999999999943e+01
1.630400000000000205e+01
3.029299999999999926e+01
4.593200000000000216e+01
1.851600000000000179e+01
3.347100000000000364e+01
2.848900000000000077e+01
3.394500000000000028e+01
1.479899999999999949e+01
1.207900000000000063e+01
2.414499999999999957e+01
1.713100000000000023e+01
1.985699999999999932e+01
1.793499999999999872e+01
2.251699999999999946e+01
2.412300000000000111e+01
1.602299999999999969e+01
1.358300000000000018e+01
1.609499999999999886e+01
1.744900000000000162e+01
2.092500000000000071e+01
1.341200000000000081e+01
3.520900000000000318e+01
2.838899999999999935e+01
1.737199999999999989e+01
3.062999999999999901e+01
2.107199999999999918e+01
1.358500000000000085e+01
2.119000000000000128e+01
2.099899999999999878e+01
2.651399999999999935e+01
2.975799999999999912e+01
2.050799999999999912e+01
1.676300000000000168e+01
2.542300000000000182e+01
1.347799999999999976e+01
2.695299999999999940e+01
1.195400000000000063e+01
1.352200000000000024e+01
2.516499999999999915e+01
1.690200000000000102e+01
1.551200000000000045e+01
2.690899999999999892e+01
1.298499999999999943e+01
2.574899999999999878e+01
2.076999999999999957e+01
1.550300000000000011e+01
2.707100000000000151e+01
1.823900000000000077e+01
1.872500000000000142e+01
2.918599999999999994e+01
2.873199999999999932e+01
1.707199999999999918e+01
1.564499999999999957e+01
2.674500000000000099e+01
2.161200000000000188e+01
1.536299999999999955e+01
1.481799999999999962e+01
2.873700000000000188e+01
1.869900000000000162e+01
1.887099999999999866e+01
2.759400000000000119e+01
2.656299999999999883e+01
3.451299999999999812e+01
2.293100000000000094e+01
2.686599999999999966e+01
1.655900000000000105e+01
3.575500000000000256e+01
3.155700000000000216e+01
2.682400000000000162e+01
2.196799999999999997e+01
2.261200000000000188e+01
1.201699999999999946e+01
2.693100000000000094e+01
3.272800000000000153e+01
1.895299999999999940e+01
2.454700000000000060e+01
2.694000000000000128e+01
1.797400000000000020e+01
2.299399999999999977e+01
1.967200000000000060e+01
3.457200000000000273e+01
2.155900000000000105e+01
3.037199999999999989e+01
2.516300000000000026e+01
2.423700000000000188e+01
2.542000000000000171e+01
2.410200000000000031e+01
1.653600000000000136e+01
2.951300000000000168e+01
2.090099999999999980e+01
2.870800000000000196e+01
1.796100000000000207e+01
2.534499999999999886e+01
2.310800000000000054e+01
1.880199999999999960e+01
2.231500000000000128e+01
1.387700000000000067e+01
3.406400000000000006e+01
2.091499999999999915e+01
1.757900000000000063e+01
1.658999999999999986e+01
1.940500000000000114e+01
1.408500000000000085e+01
2.101300000000000168e+01
3.047100000000000009e+01
4.546399999999999864e+01
2.341400000000000148e+01
1.450999999999999979e+01
1.639900000000000091e+01
2.451000000000000156e+01
2.080600000000000094e+01
1.002800000000000047e+01
2.514400000000000190e+01
2.444600000000000151e+01
2.682799999999999940e+01
2.762800000000000011e+01
2.471199999999999974e+01
3.299900000000000233e+01
2.085099999999999909e+01
1.663599999999999923e+01
2.327200000000000202e+01
2.381599999999999895e+01
1.783399999999999963e+01
1.825499999999999901e+01
1.573200000000000109e+01
1.636400000000000077e+01
3.252000000000000313e+01
1.869999999999999929e+01
2.380900000000000105e+01
2.235800000000000054e+01
5.496999999999999886e+01
2.180199999999999960e+01
3.037199999999999989e+01
2.014300000000000068e+01
3.428200000000000358e+01
1.236899999999999977e+01
2.224000000000000199e+01
2.206299999999999883e+01
2.953100000000000236e+01
1.998499999999999943e+01
2.707499999999999929e+01
2.672899999999999920e+01
3.034499999999999886e+01
1.335500000000000043e+01
2.909299999999999997e+01
3.106800000000000139e+01
2.720200000000000173e+01
1.767300000000000182e+01
3.728500000000000369e+01
4.067099999999999937e+01
2.866700000000000159e+01
2.197100000000000009e+01
4.107699999999999818e+01
3.256900000000000261e+01
2.706000000000000227e+01
3.028600000000000136e+01
2.865300000000000225e+01
2.534200000000000230e+01
2.162000000000000099e+01
3.032000000000000028e+01
1.350399999999999956e+01
1.940099999999999980e+01
1.804599999999999937e+01
2.151500000000000057e+01
2.879400000000000048e+01
2.368100000000000094e+01
1.883600000000000207e+01
1.535299999999999976e+01
2.311200000000000188e+01
2.350199999999999889e+01
2.570599999999999952e+01
1.607700000000000173e+01
2.336500000000000199e+01
1.377899999999999991e+01
2.322700000000000031e+01
2.592399999999999949e+01
2.001500000000000057e+01
2.279899999999999949e+01
2.194999999999999929e+01
2.665800000000000125e+01
1.783399999999999963e+01
2.555499999999999972e+01
1.571700000000000053e+01
2.732199999999999918e+01
2.800400000000000134e+01
2.188400000000000034e+01
2.212300000000000111e+01
2.608300000000000196e+01
1.696699999999999875e+01
1.844999999999999929e+01
1.284800000000000075e+01
5.777600000000000335e+01
2.125199999999999889e+01
2.186599999999999966e+01
2.145700000000000074e+01
1.522300000000000075e+01
1.928999999999999915e+01
2.129299999999999926e+01
2.460300000000000153e+01
2.313100000000000023e+01
5.726500000000000057e+01
3.111899999999999977e+01
3.716100000000000136e+01
3.978500000000000369e+01
2.674200000000000088e+01
3.210200000000000387e+01
1.628900000000000148e+01
2.140599999999999881e+01
2.686500000000000199e+01
2.266300000000000026e+01
4.428800000000000381e+01
2.570500000000000185e+01
2.321400000000000219e+01
2.555199999999999960e+01
1.584400000000000119e+01
2.362999999999999901e+01
2.173499999999999943e+01
2.148700000000000188e+01
1.630999999999999872e+01
2.341900000000000048e+01
1.378200000000000003e+01
3.152800000000000225e+01
6.926999999999999602e+01
2.366799999999999926e+01
1.593400000000000105e+01
1.363799999999999990e+01
3.034400000000000119e+01
3.364500000000000313e+01
2.046999999999999886e+01
1.460100000000000087e+01
2.406599999999999895e+01
2.632000000000000028e+01
1.782900000000000063e+01
2.421600000000000108e+01
2.178900000000000148e+01
2.796700000000000230e+01
1.588000000000000078e+01
2.913599999999999923e+01
3.617000000000000171e+01
2.006599999999999895e+01
2.414000000000000057e+01
2.384499999999999886e+01
1.686500000000000199e+01
1.225800000000000090e+01
1.327599999999999980e+01
1.910300000000000153e+01
1.491500000000000092e+01
2.924500000000000099e+01
2.260200000000000031e+01
4.784600000000000364e+01
1.316600000000000037e+01
1.287400000000000055e+01
1.562400000000000055e+01
1.858500000000000085e+01
2.626300000000000168e+01
1.857199999999999918e+01
2.774399999999999977e+01
2.917600000000000193e+01
2.586100000000000065e+01
2.703699999999999903e+01
1.563300000000000090e+01
3.010800000000000054e+01
1.487800000000000011e+01
2.067300000000000182e+01
1.916199999999999903e+01
2.445599999999999952e+01
2.151399999999999935e+01
3.097899999999999920e+01
2.807400000000000162e+01
2.399899999999999878e+01
2.263299999999999912e+01
1.817999999999999972e+01
4.654200000000000159e+01
3.990700000000000358e+01
1.661700000000000088e+01
2.090299999999999869e+01
1.883399999999999963e+01
2.483399999999999963e+01
2.030600000000000094e+01
2.506400000000000006e+01
1.284399999999999942e+01
1.971199999999999974e+01
3.509499999999999886e+01
2.737100000000000222e+01
3.908299999999999841e+01
1.822100000000000009e+01
2.325100000000000122e+01
1.769099999999999895e+01
2.415300000000000225e+01
1.824399999999999977e+01
2.572299999999999898e+01
4.171600000000000108e+01
2.140500000000000114e+01
3.218699999999999761e+01
1.771000000000000085e+01
1.963299999999999912e+01
2.414900000000000091e+01
1.108099999999999952e+01
1.593599999999999994e+01
1.618900000000000006e+01
1.635900000000000176e+01
2.453099999999999881e+01
3.969200000000000017e+01
2.295500000000000185e+01
1.331300000000000061e+01
2.791499999999999915e+01
1.661500000000000199e+01
5.526100000000000279e+01
2.201600000000000179e+01
1.746999999999999886e+01
2.787199999999999989e+01
2.515700000000000003e+01
2.578200000000000003e+01
2.163299999999999912e+01
2.074399999999999977e+01
2.485000000000000142e+01
2.102100000000000080e+01
3.541900000000000404e+01
1.314100000000000001e+01
1.819200000000000017e+01
1.921900000000000119e+01
1.852100000000000080e+01
3.353000000000000114e+01
1.914100000000000179e+01
4.013600000000000279e+01
1.830799999999999983e+01
1.659700000000000131e+01
3.879700000000000415e+01
4.611599999999999966e+01
2.955600000000000094e+01
2.660399999999999920e+01
1.388600000000000101e+01
2.421799999999999997e+01
2.177299999999999969e+01
1.799899999999999878e+01
