# lp/w = 1.5
# Pf/Ps = 1.0
# G = 1.0
# target = -10.0
# success rate = 100.0
2.905400000000000205e+01
3.530299999999999727e+01
2.649000000000000199e+01
2.473300000000000054e+01
2.940099999999999980e+01
1.840800000000000125e+01
2.394099999999999895e+01
3.088599999999999923e+01
4.027799999999999869e+01
3.222299999999999898e+01
6.725499999999999545e+01
3.473199999999999932e+01
2.833500000000000085e+01
2.404200000000000159e+01
2.560800000000000054e+01
4.568200000000000216e+01
3.124300000000000210e+01
1.716499999999999915e+01
2.623300000000000054e+01
3.378300000000000125e+01
1.400500000000000078e+01
5.131000000000000227e+01
3.987400000000000233e+01
3.363100000000000023e+01
2.724000000000000199e+01
3.042200000000000060e+01
1.533870000000000005e+02
6.128999999999999915e+01
4.745600000000000307e+01
2.833000000000000185e+01
2.965200000000000102e+01
1.777299999999999969e+01
2.553300000000000125e+01
5.858100000000000307e+01
6.902299999999999613e+01
3.807399999999999807e+01
2.618900000000000006e+01
3.567200000000000415e+01
5.061200000000000188e+01
2.361200000000000188e+01
3.700300000000000011e+01
2.841900000000000048e+01
3.152100000000000080e+01
2.403300000000000125e+01
2.528000000000000114e+01
2.623199999999999932e+01
3.524799999999999756e+01
1.384800000000000075e+01
3.876500000000000057e+01
8.479200000000000159e+01
4.410200000000000387e+01
5.577400000000000091e+01
1.025139999999999958e+02
4.441900000000000404e+01
1.993400000000000105e+01
5.211200000000000188e+01
6.632099999999999795e+01
4.814600000000000080e+01
1.656299999999999883e+01
2.723799999999999955e+01
5.594700000000000273e+01
2.174300000000000210e+01
2.913400000000000034e+01
3.197200000000000131e+01
2.015700000000000003e+01
1.615800000000000125e+01
1.118400000000000105e+01
5.478699999999999903e+01
3.800900000000000034e+01
7.614900000000000091e+01
2.141100000000000136e+01
6.097299999999999898e+01
3.057300000000000040e+01
3.338300000000000267e+01
2.862300000000000111e+01
2.518400000000000105e+01
6.476500000000000057e+01
3.154100000000000037e+01
3.903999999999999915e+01
6.814199999999999591e+01
7.131700000000000728e+01
1.678099999999999881e+01
5.064600000000000080e+01
3.393999999999999773e+01
6.141000000000000369e+01
2.969600000000000151e+01
5.107300000000000040e+01
5.581199999999999761e+01
2.884700000000000131e+01
4.125200000000000244e+01
4.007900000000000063e+01
4.441799999999999926e+01
1.685099999999999909e+01
2.979800000000000182e+01
3.574799999999999756e+01
2.899099999999999966e+01
4.274099999999999966e+01
3.601200000000000045e+01
6.075999999999999801e+01
4.989399999999999835e+01
4.845199999999999818e+01
5.222700000000000387e+01
2.318799999999999883e+01
4.932699999999999818e+01
3.482699999999999818e+01
6.687800000000000011e+01
9.190000000000000568e+01
2.052500000000000213e+01
1.543999999999999950e+01
7.759400000000000830e+01
6.083500000000000085e+01
5.699200000000000443e+01
2.777500000000000213e+01
5.079200000000000159e+01
1.464929999999999950e+02
6.210099999999999909e+01
2.375700000000000145e+01
1.779400000000000048e+01
4.074900000000000233e+01
1.902899999999999991e+01
4.281499999999999773e+01
3.049399999999999977e+01
1.724300000000000210e+01
1.657700000000000173e+01
1.465600000000000058e+01
3.916300000000000381e+01
3.830899999999999750e+01
4.842300000000000182e+01
2.714000000000000057e+01
5.568800000000000239e+01
4.426500000000000057e+01
1.925799999999999912e+01
6.650300000000000011e+01
5.044700000000000273e+01
3.562100000000000222e+01
3.059700000000000131e+01
1.599300000000000033e+01
2.863599999999999923e+01
1.976600000000000179e+01
7.100000000000000000e+01
1.561100000000000065e+01
2.060200000000000031e+01
3.167500000000000071e+01
2.898799999999999955e+01
3.185099999999999909e+01
1.415600000000000058e+01
4.574499999999999744e+01
2.882100000000000151e+01
1.735500000000000043e+01
5.117999999999999972e+01
2.715099999999999980e+01
8.204600000000000648e+01
3.849000000000000199e+01
4.184300000000000352e+01
1.353350000000000080e+02
2.079500000000000171e+01
3.596800000000000352e+01
3.821999999999999886e+01
1.618199999999999861e+01
3.143700000000000117e+01
5.246200000000000330e+01
3.565299999999999869e+01
1.733099999999999952e+01
2.494000000000000128e+01
4.802199999999999847e+01
2.873499999999999943e+01
8.057500000000000284e+01
1.772500000000000142e+01
3.846699999999999875e+01
2.648300000000000054e+01
4.051500000000000057e+01
4.583400000000000318e+01
2.994600000000000151e+01
6.498199999999999932e+01
2.165899999999999892e+01
3.579899999999999949e+01
5.013900000000000290e+01
3.920000000000000284e+01
5.775399999999999778e+01
2.939199999999999946e+01
2.696100000000000207e+01
4.045199999999999818e+01
2.109499999999999886e+01
1.927200000000000202e+01
3.631600000000000250e+01
3.185500000000000043e+01
2.848300000000000054e+01
3.208700000000000330e+01
4.891600000000000392e+01
2.011599999999999966e+01
2.033500000000000085e+01
2.730300000000000082e+01
2.462100000000000222e+01
3.959199999999999875e+01
4.785699999999999932e+01
3.036100000000000065e+01
2.578200000000000003e+01
6.387500000000000000e+01
1.398369999999999891e+02
2.542600000000000193e+01
5.393599999999999994e+01
2.579400000000000048e+01
1.802299999999999969e+01
2.199399999999999977e+01
2.624899999999999878e+01
6.683500000000000796e+01
3.368299999999999983e+01
2.039600000000000080e+01
2.758500000000000085e+01
6.258599999999999852e+01
3.045200000000000173e+01
3.552400000000000091e+01
2.880400000000000205e+01
2.355900000000000105e+01
5.790400000000000347e+01
7.695600000000000307e+01
5.297700000000000387e+01
6.522799999999999443e+01
2.988700000000000045e+01
2.446000000000000085e+01
2.754599999999999937e+01
2.017200000000000060e+01
2.180999999999999872e+01
3.513499999999999801e+01
1.566900000000000048e+01
3.966000000000000369e+01
5.843700000000000472e+01
5.710300000000000153e+01
2.764700000000000202e+01
2.870700000000000074e+01
1.318699999999999939e+01
4.389500000000000313e+01
2.981099999999999994e+01
1.961500000000000199e+01
1.749399999999999977e+01
5.512800000000000011e+01
2.495100000000000051e+01
2.562800000000000011e+01
3.103399999999999892e+01
3.137000000000000099e+01
2.516400000000000148e+01
2.131500000000000128e+01
8.589400000000000546e+01
7.149200000000000443e+01
4.460600000000000165e+01
2.918799999999999883e+01
3.032400000000000162e+01
2.042699999999999960e+01
4.946500000000000341e+01
2.541600000000000037e+01
4.999399999999999977e+01
1.536299999999999955e+01
2.643299999999999983e+01
2.757300000000000040e+01
5.209700000000000131e+01
1.187400000000000055e+01
6.078500000000000369e+01
4.982000000000000028e+01
6.694200000000000728e+01
2.022100000000000009e+01
3.505000000000000426e+01
2.228900000000000148e+01
8.349899999999999523e+01
2.514900000000000091e+01
3.827300000000000324e+01
4.873700000000000188e+01
3.855400000000000205e+01
2.376800000000000068e+01
3.410500000000000398e+01
7.999699999999999989e+01
5.399300000000000210e+01
3.099099999999999966e+01
2.751200000000000045e+01
3.678200000000000358e+01
2.453500000000000014e+01
2.556200000000000117e+01
2.783900000000000219e+01
9.291400000000000148e+01
4.777100000000000080e+01
2.357600000000000051e+01
7.050799999999999557e+01
1.672400000000000020e+01
3.482999999999999829e+01
2.827700000000000102e+01
2.593700000000000117e+01
5.951100000000000279e+01
1.875499999999999901e+01
5.046300000000000097e+01
4.085600000000000165e+01
3.674699999999999989e+01
1.887300000000000111e+01
2.874500000000000099e+01
2.239199999999999946e+01
1.592900000000000027e+01
7.556400000000000716e+01
5.794599999999999795e+01
2.388800000000000168e+01
3.716799999999999926e+01
5.237500000000000000e+01
4.887800000000000011e+01
4.877700000000000102e+01
1.842099999999999937e+01
1.811899999999999977e+01
5.857200000000000273e+01
4.719700000000000273e+01
1.717399999999999949e+01
2.420500000000000185e+01
4.518399999999999750e+01
6.955100000000000193e+01
2.709299999999999997e+01
9.251000000000000512e+01
4.379200000000000159e+01
3.610800000000000409e+01
4.374799999999999756e+01
2.500300000000000011e+01
6.601300000000000523e+01
2.823199999999999932e+01
2.797599999999999909e+01
1.367460000000000093e+02
3.631499999999999773e+01
2.721999999999999886e+01
2.078000000000000114e+01
2.393400000000000105e+01
2.500799999999999912e+01
2.880400000000000205e+01
3.245199999999999818e+01
2.879599999999999937e+01
1.690899999999999892e+01
2.513599999999999923e+01
4.674399999999999977e+01
2.730700000000000216e+01
5.548000000000000398e+01
1.721799999999999997e+01
2.523300000000000054e+01
3.512700000000000244e+01
4.196600000000000108e+01
5.143100000000000449e+01
2.066600000000000037e+01
4.097899999999999920e+01
4.107999999999999829e+01
9.713599999999999568e+01
4.433800000000000097e+01
2.646300000000000097e+01
5.084900000000000375e+01
7.797100000000000364e+01
3.186899999999999977e+01
3.346600000000000108e+01
5.145400000000000063e+01
2.833300000000000196e+01
2.900100000000000122e+01
1.575500000000000078e+01
3.782500000000000284e+01
9.994700000000000273e+01
2.758500000000000085e+01
6.005700000000000216e+01
6.930200000000000671e+01
2.738299999999999912e+01
2.134499999999999886e+01
2.351800000000000068e+01
3.472599999999999909e+01
2.842399999999999949e+01
1.687600000000000122e+01
2.113599999999999923e+01
7.001000000000000512e+01
5.407500000000000284e+01
3.522100000000000364e+01
6.668000000000000682e+01
4.514800000000000324e+01
4.465400000000000347e+01
5.347200000000000131e+01
4.494500000000000028e+01
2.158600000000000207e+01
2.404599999999999937e+01
5.893900000000000006e+01
3.716100000000000136e+01
4.505100000000000193e+01
2.497800000000000153e+01
2.415399999999999991e+01
3.176300000000000168e+01
2.475000000000000000e+01
5.668599999999999994e+01
3.394400000000000261e+01
5.785600000000000165e+01
4.395700000000000074e+01
1.985699999999999932e+01
1.860699999999999932e+01
5.704299999999999926e+01
2.450799999999999912e+01
2.163500000000000156e+01
3.351899999999999835e+01
4.881300000000000239e+01
2.436400000000000077e+01
2.016700000000000159e+01
3.713000000000000256e+01
2.358999999999999986e+01
5.516300000000000381e+01
2.613899999999999935e+01
5.375999999999999801e+01
3.176099999999999923e+01
5.040200000000000102e+01
3.341199999999999903e+01
2.690200000000000102e+01
2.365800000000000125e+01
3.702000000000000313e+01
4.595799999999999841e+01
2.894099999999999895e+01
5.432200000000000273e+01
2.971499999999999986e+01
3.736599999999999966e+01
7.474699999999999989e+01
4.073199999999999932e+01
7.923799999999999955e+01
7.287699999999999534e+01
2.998000000000000043e+01
2.515899999999999892e+01
7.863100000000000023e+01
2.955300000000000082e+01
4.200900000000000034e+01
4.811500000000000199e+01
4.261700000000000443e+01
2.566499999999999915e+01
4.159300000000000352e+01
3.130799999999999983e+01
3.371000000000000085e+01
3.313799999999999812e+01
8.610699999999999932e+01
1.807100000000000151e+01
3.406799999999999784e+01
4.637800000000000011e+01
2.515099999999999980e+01
5.776700000000000301e+01
2.380700000000000216e+01
2.046300000000000097e+01
2.725199999999999889e+01
2.587000000000000099e+01
2.278600000000000136e+01
6.330300000000000438e+01
3.316000000000000369e+01
3.352799999999999869e+01
2.203300000000000125e+01
3.812500000000000000e+01
3.174200000000000088e+01
2.146900000000000119e+01
2.873900000000000077e+01
1.752599999999999980e+01
2.597599999999999909e+01
3.225300000000000011e+01
6.474899999999999523e+01
6.278600000000000136e+01
5.280000000000000426e+01
1.953800000000000026e+01
3.117300000000000182e+01
6.554099999999999682e+01
7.637699999999999534e+01
9.022599999999999909e+01
3.969599999999999795e+01
2.629200000000000159e+01
2.833399999999999963e+01
1.813899999999999935e+01
2.599600000000000222e+01
1.560599999999999987e+01
2.919399999999999906e+01
2.218700000000000117e+01
2.058600000000000207e+01
3.376100000000000279e+01
1.967800000000000082e+01
1.282300000000000040e+01
3.939699999999999847e+01
3.290700000000000358e+01
3.582000000000000028e+01
1.693499999999999872e+01
2.124699999999999989e+01
3.078999999999999915e+01
2.224399999999999977e+01
5.915200000000000102e+01
3.685300000000000153e+01
5.078800000000000381e+01
4.881000000000000227e+01
9.809000000000000341e+01
3.455499999999999972e+01
5.195400000000000063e+01
3.061200000000000188e+01
3.155199999999999960e+01
5.409600000000000364e+01
1.641799999999999926e+01
4.811400000000000432e+01
4.824300000000000210e+01
2.806800000000000139e+01
2.798400000000000176e+01
2.842699999999999960e+01
4.003900000000000148e+01
3.135600000000000165e+01
4.146300000000000097e+01
4.191799999999999926e+01
4.608299999999999841e+01
8.266100000000000136e+01
4.308299999999999841e+01
6.187700000000000244e+01
4.764800000000000324e+01
2.873600000000000065e+01
4.857900000000000063e+01
6.148400000000000176e+01
3.697299999999999898e+01
2.577400000000000091e+01
1.376529999999999916e+02
9.039199999999999591e+01
6.625799999999999557e+01
5.229700000000000415e+01
2.881400000000000006e+01
1.763700000000000045e+01
2.372100000000000009e+01
2.558900000000000219e+01
8.557500000000000284e+01
4.100500000000000256e+01
1.919300000000000139e+01
4.634499999999999886e+01
1.746300000000000097e+01
1.918499999999999872e+01
1.929800000000000182e+01
2.204700000000000060e+01
3.748600000000000421e+01
2.258000000000000185e+01
7.409400000000000830e+01
9.249299999999999500e+01
2.388800000000000168e+01
1.691799999999999926e+01
2.554700000000000060e+01
4.557200000000000273e+01
3.411100000000000421e+01
4.793800000000000239e+01
2.760300000000000153e+01
1.848100000000000165e+01
1.878200000000000003e+01
1.924699999999999989e+01
1.953099999999999881e+01
7.037999999999999545e+01
1.479899999999999949e+01
3.203800000000000381e+01
2.992699999999999960e+01
3.205599999999999739e+01
4.053399999999999892e+01
2.783800000000000097e+01
3.247500000000000142e+01
6.023700000000000188e+01
3.936699999999999733e+01
9.112999999999999545e+01
2.510600000000000165e+01
9.346900000000000830e+01
1.898700000000000188e+01
5.259199999999999875e+01
3.490299999999999869e+01
3.097700000000000031e+01
3.702000000000000313e+01
4.478300000000000125e+01
4.058400000000000318e+01
6.308400000000000318e+01
3.927799999999999869e+01
2.998499999999999943e+01
7.133899999999999864e+01
4.138199999999999790e+01
3.660800000000000409e+01
3.219299999999999784e+01
2.617699999999999960e+01
1.513300000000000090e+01
5.176800000000000068e+01
5.937199999999999989e+01
3.220799999999999841e+01
2.482900000000000063e+01
2.956899999999999906e+01
4.575500000000000256e+01
3.143800000000000239e+01
6.556000000000000227e+01
3.282099999999999795e+01
4.331900000000000261e+01
2.857199999999999918e+01
4.686200000000000188e+01
2.239499999999999957e+01
7.968300000000000693e+01
6.402100000000000080e+01
5.737000000000000455e+01
1.902500000000000213e+01
3.544400000000000261e+01
4.646200000000000330e+01
2.433000000000000185e+01
5.771200000000000330e+01
2.405499999999999972e+01
6.597799999999999443e+01
3.175799999999999912e+01
4.346099999999999852e+01
2.832799999999999940e+01
8.130800000000000693e+01
3.384000000000000341e+01
6.478000000000000114e+01
2.008800000000000097e+01
2.144399999999999906e+01
1.740399999999999991e+01
5.818800000000000239e+01
8.353000000000000114e+01
1.739199999999999946e+01
2.124200000000000088e+01
1.819999999999999929e+01
3.246399999999999864e+01
3.953300000000000125e+01
3.862400000000000233e+01
2.028200000000000003e+01
2.603399999999999892e+01
3.878399999999999892e+01
2.528600000000000136e+01
3.736500000000000199e+01
6.202700000000000102e+01
2.637100000000000222e+01
2.066400000000000148e+01
2.392099999999999937e+01
2.181400000000000006e+01
2.436800000000000210e+01
3.566700000000000159e+01
8.884000000000000341e+01
2.383099999999999952e+01
2.492999999999999972e+01
3.710999999999999943e+01
7.885999999999999943e+01
4.523000000000000398e+01
2.919900000000000162e+01
1.209500000000000028e+02
4.226500000000000057e+01
2.466600000000000037e+01
3.665400000000000347e+01
3.076500000000000057e+01
3.532600000000000051e+01
5.443400000000000460e+01
1.826800000000000068e+01
1.735000000000000142e+01
1.424500000000000099e+01
3.225699999999999790e+01
1.646300000000000097e+01
3.347800000000000153e+01
3.728500000000000369e+01
6.801399999999999579e+01
6.527100000000000080e+01
3.757399999999999807e+01
1.274900000000000055e+01
3.677700000000000102e+01
6.065599999999999881e+01
4.212700000000000244e+01
3.255700000000000216e+01
2.397700000000000031e+01
2.053699999999999903e+01
6.744899999999999807e+01
6.676699999999999591e+01
2.387600000000000122e+01
2.906200000000000117e+01
3.330899999999999750e+01
2.834100000000000108e+01
7.440600000000000591e+01
4.000600000000000023e+01
2.907100000000000151e+01
3.502400000000000091e+01
3.568200000000000216e+01
3.921900000000000119e+01
3.365599999999999881e+01
1.853399999999999892e+01
4.225000000000000000e+01
5.255499999999999972e+01
3.586100000000000421e+01
2.255799999999999983e+01
2.470700000000000074e+01
6.701900000000000546e+01
3.417699999999999960e+01
6.306900000000000261e+01
4.617999999999999972e+01
2.855300000000000082e+01
3.155400000000000205e+01
3.167800000000000082e+01
2.213299999999999912e+01
4.157099999999999795e+01
1.936599999999999966e+01
4.526500000000000057e+01
3.942999999999999972e+01
3.607500000000000284e+01
3.044800000000000040e+01
9.007300000000000750e+01
1.517119999999999891e+02
2.062000000000000099e+01
5.547200000000000131e+01
1.482800000000000118e+01
2.633500000000000085e+01
4.924300000000000210e+01
7.307600000000000762e+01
2.589100000000000179e+01
7.238899999999999579e+01
1.593700000000000117e+01
8.341700000000000159e+01
7.612300000000000466e+01
2.307900000000000063e+01
2.093200000000000216e+01
3.288499999999999801e+01
3.035699999999999932e+01
1.684600000000000009e+01
2.900499999999999901e+01
3.486100000000000421e+01
7.919599999999999795e+01
2.396499999999999986e+01
3.005400000000000205e+01
2.248100000000000165e+01
3.033200000000000074e+01
3.594899999999999807e+01
4.938900000000000290e+01
3.569400000000000261e+01
4.586899999999999977e+01
4.645900000000000318e+01
8.591899999999999693e+01
2.883500000000000085e+01
2.708600000000000207e+01
8.215099999999999625e+01
2.576500000000000057e+01
2.002100000000000080e+01
5.197899999999999920e+01
4.404400000000000404e+01
1.499600000000000044e+01
3.344500000000000028e+01
3.839300000000000068e+01
3.119300000000000139e+01
6.857000000000000739e+01
2.566400000000000148e+01
3.058999999999999986e+01
2.486400000000000077e+01
5.960600000000000165e+01
3.774600000000000222e+01
4.319200000000000017e+01
3.409499999999999886e+01
3.247100000000000364e+01
5.301299999999999812e+01
3.876899999999999835e+01
8.178799999999999670e+01
4.109700000000000131e+01
7.888400000000000034e+01
5.836200000000000188e+01
2.781400000000000006e+01
4.131499999999999773e+01
1.782100000000000151e+01
4.937400000000000233e+01
2.805400000000000205e+01
2.623499999999999943e+01
2.000799999999999912e+01
2.190899999999999892e+01
2.359299999999999997e+01
5.459300000000000352e+01
3.523400000000000176e+01
3.696500000000000341e+01
1.549300000000000033e+01
2.001900000000000190e+01
2.704899999999999949e+01
4.005700000000000216e+01
3.852199999999999847e+01
3.581700000000000017e+01
4.755400000000000205e+01
3.998900000000000432e+01
2.756800000000000139e+01
5.064200000000000301e+01
2.434199999999999875e+01
8.287300000000000466e+01
1.701200000000000045e+01
1.885999999999999943e+01
4.327400000000000091e+01
4.300000000000000000e+01
8.578700000000000614e+01
3.284100000000000108e+01
4.090800000000000125e+01
4.156400000000000006e+01
2.366900000000000048e+01
7.680100000000000193e+01
3.305100000000000193e+01
2.462699999999999889e+01
3.471800000000000352e+01
2.749000000000000199e+01
2.485999999999999943e+01
4.963000000000000256e+01
1.818900000000000006e+01
3.663400000000000034e+01
3.726800000000000068e+01
4.286899999999999977e+01
6.214399999999999835e+01
2.763200000000000145e+01
2.296300000000000097e+01
4.287899999999999778e+01
1.636500000000000199e+01
3.110900000000000176e+01
2.113100000000000023e+01
3.452000000000000313e+01
2.613400000000000034e+01
2.026000000000000156e+01
5.056900000000000261e+01
7.997299999999999898e+01
4.746000000000000085e+01
2.128800000000000026e+01
1.033110000000000070e+02
5.086700000000000443e+01
3.001000000000000156e+01
6.769500000000000739e+01
5.014800000000000324e+01
3.507099999999999795e+01
1.820700000000000074e+01
3.846099999999999852e+01
1.540300000000000047e+01
3.467699999999999960e+01
2.214900000000000091e+01
3.393599999999999994e+01
3.982399999999999807e+01
5.438000000000000256e+01
4.390200000000000102e+01
4.784900000000000375e+01
5.825000000000000000e+01
4.552499999999999858e+01
4.169400000000000261e+01
2.278099999999999881e+01
3.758500000000000085e+01
2.828100000000000236e+01
3.731000000000000227e+01
5.602700000000000102e+01
3.524399999999999977e+01
2.411800000000000210e+01
6.465699999999999648e+01
7.141100000000000136e+01
1.563700000000000045e+01
2.883999999999999986e+01
3.084799999999999898e+01
1.896499999999999986e+01
1.715000000000000213e+01
3.293699999999999761e+01
1.782000000000000028e+01
2.314600000000000080e+01
5.406000000000000227e+01
4.886700000000000443e+01
9.969500000000000739e+01
4.232099999999999795e+01
2.571799999999999997e+01
3.541600000000000392e+01
1.252660000000000053e+02
2.683000000000000185e+01
3.261500000000000199e+01
1.385800000000000054e+01
1.694399999999999906e+01
1.320100000000000051e+01
3.454500000000000171e+01
2.540500000000000114e+01
3.845799999999999841e+01
1.680699999999999861e+01
2.163700000000000045e+01
3.464200000000000301e+01
1.890599999999999881e+01
4.463199999999999790e+01
1.529700000000000060e+01
1.003960000000000008e+02
3.033699999999999974e+01
1.535100000000000087e+01
1.546600000000000108e+01
3.092900000000000205e+01
1.955199999999999960e+01
6.196999999999999886e+01
2.776000000000000156e+01
6.773799999999999955e+01
1.946799999999999997e+01
6.897899999999999920e+01
3.547500000000000142e+01
2.332300000000000040e+01
1.966900000000000048e+01
4.233400000000000318e+01
4.009300000000000352e+01
2.534900000000000020e+01
1.181910000000000025e+02
2.420500000000000185e+01
5.148600000000000421e+01
5.628300000000000125e+01
3.608200000000000074e+01
4.900800000000000267e+01
5.200999999999999801e+01
3.217300000000000182e+01
2.269500000000000028e+01
1.399399999999999977e+01
2.314799999999999969e+01
5.532099999999999795e+01
5.532200000000000273e+01
1.858699999999999974e+01
1.683500000000000085e+01
3.788300000000000267e+01
7.499599999999999511e+01
2.010900000000000176e+01
3.287599999999999767e+01
2.646199999999999974e+01
2.493299999999999983e+01
6.590900000000000603e+01
9.149299999999999500e+01
6.016199999999999903e+01
2.841600000000000037e+01
1.796900000000000119e+01
2.533000000000000185e+01
3.126999999999999957e+01
4.290100000000000335e+01
3.842300000000000182e+01
2.812699999999999889e+01
4.142699999999999960e+01
3.702900000000000347e+01
1.325500000000000078e+01
1.714100000000000179e+01
7.699099999999999966e+01
1.695299999999999940e+01
5.764399999999999835e+01
1.826200000000000045e+01
2.656800000000000139e+01
4.441300000000000381e+01
3.130300000000000082e+01
2.612900000000000134e+01
1.809799999999999898e+01
3.901299999999999812e+01
4.245100000000000051e+01
4.322599999999999909e+01
1.933500000000000085e+01
2.411800000000000210e+01
2.593299999999999983e+01
6.099200000000000443e+01
8.632699999999999818e+01
7.240800000000000125e+01
5.200999999999999801e+01
2.650700000000000145e+01
2.449699999999999989e+01
2.479299999999999926e+01
5.390100000000000335e+01
3.973000000000000398e+01
4.443299999999999983e+01
2.373900000000000077e+01
5.427600000000000335e+01
2.484299999999999997e+01
5.577499999999999858e+01
2.707499999999999929e+01
7.778300000000000125e+01
2.657499999999999929e+01
7.222599999999999909e+01
2.943599999999999994e+01
4.866100000000000136e+01
3.450900000000000034e+01
2.162100000000000222e+01
2.415800000000000125e+01
8.257900000000000773e+01
2.351300000000000168e+01
7.470499999999999829e+01
3.059299999999999997e+01
2.717500000000000071e+01
2.246900000000000119e+01
3.154700000000000060e+01
2.838100000000000023e+01
7.043800000000000239e+01
3.472599999999999909e+01
5.125800000000000267e+01
3.973400000000000176e+01
4.560300000000000153e+01
2.209900000000000020e+01
2.587699999999999889e+01
4.652900000000000347e+01
2.228900000000000148e+01
2.308000000000000185e+01
2.574600000000000222e+01
2.640399999999999991e+01
3.248899999999999721e+01
2.143700000000000117e+01
4.510999999999999943e+01
6.540000000000000568e+01
4.099600000000000222e+01
5.392200000000000415e+01
4.611100000000000421e+01
2.825300000000000011e+01
3.273000000000000398e+01
3.821600000000000108e+01
2.176399999999999935e+01
4.224199999999999733e+01
3.198799999999999955e+01
1.199099999999999966e+01
9.039799999999999613e+01
2.426500000000000057e+01
3.282900000000000063e+01
4.619200000000000017e+01
3.772599999999999909e+01
4.237500000000000000e+01
4.004100000000000392e+01
3.655799999999999983e+01
1.155199999999999960e+01
5.569200000000000017e+01
4.039399999999999835e+01
2.854899999999999949e+01
1.796300000000000097e+01
3.507099999999999795e+01
5.496999999999999886e+01
2.822100000000000009e+01
3.494100000000000250e+01
3.175300000000000011e+01
5.370000000000000284e+01
2.872800000000000153e+01
3.880100000000000193e+01
2.044200000000000017e+01
2.598600000000000065e+01
2.514400000000000190e+01
3.440899999999999892e+01
2.458200000000000074e+01
8.026399999999999579e+01
2.933699999999999974e+01
3.003000000000000114e+01
1.697700000000000031e+01
3.564699999999999847e+01
2.286700000000000088e+01
7.062300000000000466e+01
2.024500000000000099e+01
4.444299999999999784e+01
1.520300000000000118e+01
5.266600000000000392e+01
3.517200000000000415e+01
1.687500000000000000e+01
2.585200000000000031e+01
3.444899999999999807e+01
3.642699999999999960e+01
4.895000000000000284e+01
3.552499999999999858e+01
2.904500000000000171e+01
5.404400000000000404e+01
3.155300000000000082e+01
3.081200000000000117e+01
1.980600000000000094e+01
7.587099999999999511e+01
2.854899999999999949e+01
2.197500000000000142e+01
3.053100000000000236e+01
4.181099999999999994e+01
3.169699999999999918e+01
5.088499999999999801e+01
4.045499999999999829e+01
4.222200000000000131e+01
2.114300000000000068e+01
3.400699999999999790e+01
3.018700000000000117e+01
2.950799999999999912e+01
4.188199999999999790e+01
3.849699999999999989e+01
1.339900000000000091e+01
6.332900000000000063e+01
4.238700000000000045e+01
2.132799999999999940e+01
2.482499999999999929e+01
4.209600000000000364e+01
2.997299999999999898e+01
3.363100000000000023e+01
3.004200000000000159e+01
1.869900000000000162e+01
3.385800000000000409e+01
2.519000000000000128e+01
7.071900000000000830e+01
2.883800000000000097e+01
2.669399999999999906e+01
5.554200000000000159e+01
2.275300000000000011e+01
2.139100000000000179e+01
3.713900000000000290e+01
4.838199999999999790e+01
1.165720000000000027e+02
3.813199999999999790e+01
1.808200000000000074e+01
2.816499999999999915e+01
3.407300000000000040e+01
2.850600000000000023e+01
2.807400000000000162e+01
7.610999999999999943e+01
3.449600000000000222e+01
6.268400000000000460e+01
3.102100000000000080e+01
9.552400000000000091e+01
2.331299999999999883e+01
3.864399999999999835e+01
3.682000000000000028e+01
6.439900000000000091e+01
2.481500000000000128e+01
3.043400000000000105e+01
1.597600000000000087e+01
3.158300000000000196e+01
2.058699999999999974e+01
3.006700000000000017e+01
2.468900000000000006e+01
4.756600000000000250e+01
5.614000000000000057e+01
1.967600000000000193e+01
4.016700000000000159e+01
3.619899999999999807e+01
3.587299999999999756e+01
4.431799999999999784e+01
3.246099999999999852e+01
6.454200000000000159e+01
4.302799999999999869e+01
8.678600000000000136e+01
2.007000000000000028e+01
2.685699999999999932e+01
6.153699999999999903e+01
5.352600000000000335e+01
1.711400000000000077e+01
3.926400000000000290e+01
1.624200000000000088e+01
4.803300000000000125e+01
1.900799999999999912e+01
2.184400000000000119e+01
2.089799999999999969e+01
2.061599999999999966e+01
1.592300000000000004e+01
4.594500000000000028e+01
2.828699999999999903e+01
6.014600000000000080e+01
3.226800000000000068e+01
2.079899999999999949e+01
5.737400000000000233e+01
3.537199999999999989e+01
2.749300000000000210e+01
2.072800000000000153e+01
2.098000000000000043e+01
3.039000000000000057e+01
1.861400000000000077e+01
3.145500000000000185e+01
3.067600000000000193e+01
4.375900000000000034e+01
3.929299999999999926e+01
2.908399999999999963e+01
2.460900000000000176e+01
3.047200000000000131e+01
3.884700000000000131e+01
2.919500000000000028e+01
1.698100000000000165e+01
3.432900000000000063e+01
4.611100000000000421e+01
2.368400000000000105e+01
2.998100000000000165e+01
2.886700000000000088e+01
1.862500000000000000e+01
2.223199999999999932e+01
4.819400000000000261e+01
2.448400000000000176e+01
2.949800000000000111e+01
3.538900000000000290e+01
3.206900000000000261e+01
4.664500000000000313e+01
3.153000000000000114e+01
4.128800000000000381e+01
3.222700000000000387e+01
3.178500000000000014e+01
3.158900000000000219e+01
4.073199999999999932e+01
3.467000000000000171e+01
5.460800000000000409e+01
3.587800000000000011e+01
2.697100000000000009e+01
7.369100000000000250e+01
1.463199999999999967e+01
2.658999999999999986e+01
2.738100000000000023e+01
1.986700000000000088e+01
4.291700000000000159e+01
4.106400000000000006e+01
5.692300000000000182e+01
3.669299999999999784e+01
2.353900000000000148e+01
2.356200000000000117e+01
3.482900000000000063e+01
3.821999999999999886e+01
1.053250000000000028e+02
4.331700000000000017e+01
6.519100000000000250e+01
2.484600000000000009e+01
5.048900000000000432e+01
6.204299999999999926e+01
2.112500000000000000e+01
2.389700000000000202e+01
3.037600000000000122e+01
1.764100000000000179e+01
5.540700000000000358e+01
6.458599999999999852e+01
2.272100000000000009e+01
2.500100000000000122e+01
2.279200000000000159e+01
1.373499999999999943e+01
4.427400000000000091e+01
1.879200000000000159e+01
5.834900000000000375e+01
7.356499999999999773e+01
7.697899999999999920e+01
3.146100000000000207e+01
9.294899999999999807e+01
3.285699999999999932e+01
5.498100000000000165e+01
6.085300000000000153e+01
3.647599999999999909e+01
5.366900000000000404e+01
6.196999999999999886e+01
1.010180000000000007e+02
1.691100000000000136e+01
2.863599999999999923e+01
2.693400000000000105e+01
1.892800000000000082e+01
6.498699999999999477e+01
2.054700000000000060e+01
6.532399999999999807e+01
1.805199999999999960e+01
6.747599999999999909e+01
2.322500000000000142e+01
3.371900000000000119e+01
1.926800000000000068e+01
2.659600000000000009e+01
4.947299999999999898e+01
3.999799999999999756e+01
4.915800000000000125e+01
3.003500000000000014e+01
4.173499999999999943e+01
2.496199999999999974e+01
3.229800000000000182e+01
7.223799999999999955e+01
1.205469999999999970e+02
1.866199999999999903e+01
5.452100000000000080e+01
4.598799999999999955e+01
7.160000000000000853e+01
3.031500000000000128e+01
2.889799999999999969e+01
3.350500000000000256e+01
6.381900000000000261e+01
3.205499999999999972e+01
2.759799999999999898e+01
5.353399999999999892e+01
2.663500000000000156e+01
3.944899999999999807e+01
4.612299999999999756e+01
4.726899999999999835e+01
7.218900000000000716e+01
2.015500000000000114e+01
1.090130000000000052e+02
3.588400000000000034e+01
3.797800000000000153e+01
8.910600000000000875e+01
5.529100000000000392e+01
3.135800000000000054e+01
5.844899999999999807e+01
4.974500000000000455e+01
5.389999999999999858e+01
4.704500000000000171e+01
3.346099999999999852e+01
2.594800000000000040e+01
6.226500000000000057e+01
2.426600000000000179e+01
3.526800000000000068e+01
4.341900000000000404e+01
3.095700000000000074e+01
4.200600000000000023e+01
1.608999999999999986e+01
3.528999999999999915e+01
1.786700000000000088e+01
2.262100000000000222e+01
3.247899999999999920e+01
2.464000000000000057e+01
3.296999999999999886e+01
1.610000000000000142e+01
4.463000000000000256e+01
1.689199999999999946e+01
1.702799999999999869e+01
1.769500000000000028e+01
3.073900000000000077e+01
3.093299999999999983e+01
5.247800000000000153e+01
2.342699999999999960e+01
3.400099999999999767e+01
1.894800000000000040e+01
5.556600000000000250e+01
5.768700000000000472e+01
5.147200000000000131e+01
2.104500000000000171e+01
1.924399999999999977e+01
3.536800000000000210e+01
4.607800000000000296e+01
1.194549999999999983e+02
1.952500000000000213e+01
4.137100000000000222e+01
5.941600000000000392e+01
3.034499999999999886e+01
4.471600000000000108e+01
5.387300000000000466e+01
3.438300000000000267e+01
5.425600000000000023e+01
3.072100000000000009e+01
6.590099999999999625e+01
3.257800000000000296e+01
4.403200000000000358e+01
4.141199999999999903e+01
4.808100000000000307e+01
2.832400000000000162e+01
2.371100000000000207e+01
3.678999999999999915e+01
5.465100000000000335e+01
3.914800000000000324e+01
7.768300000000000693e+01
9.782500000000000284e+01
7.068399999999999750e+01
3.731700000000000017e+01
5.025800000000000267e+01
3.425900000000000034e+01
2.967300000000000182e+01
3.403500000000000369e+01
3.523100000000000165e+01
2.166499999999999915e+01
2.688400000000000034e+01
7.762199999999999989e+01
3.318299999999999983e+01
2.188400000000000034e+01
1.272499999999999964e+01
3.379800000000000182e+01
6.050300000000000011e+01
2.431899999999999906e+01
3.891600000000000392e+01
5.001100000000000279e+01
2.269900000000000162e+01
3.136700000000000088e+01
1.568100000000000094e+01
2.485000000000000142e+01
3.680599999999999739e+01
2.761299999999999955e+01
2.741400000000000148e+01
1.115570000000000022e+02
3.888199999999999790e+01
3.123000000000000043e+01
2.014000000000000057e+01
6.242999999999999972e+01
1.976099999999999923e+01
3.142699999999999960e+01
2.121699999999999875e+01
3.361599999999999966e+01
1.877200000000000202e+01
2.014100000000000179e+01
6.374399999999999977e+01
4.704100000000000392e+01
6.806600000000000250e+01
1.976399999999999935e+01
3.154899999999999949e+01
6.551200000000000045e+01
3.486500000000000199e+01
4.292399999999999949e+01
1.635699999999999932e+01
7.198099999999999454e+01
5.199799999999999756e+01
5.716600000000000392e+01
5.168599999999999994e+01
3.437199999999999989e+01
4.333899999999999864e+01
1.834100000000000108e+01
2.643299999999999983e+01
3.564800000000000324e+01
3.309799999999999898e+01
3.376299999999999812e+01
3.921099999999999852e+01
2.176999999999999957e+01
5.960399999999999920e+01
7.710999999999999943e+01
1.783699999999999974e+01
6.908500000000000796e+01
4.972200000000000131e+01
2.497100000000000009e+01
2.023100000000000165e+01
1.927899999999999991e+01
7.405599999999999739e+01
1.537899999999999956e+01
1.491900000000000048e+01
5.227400000000000091e+01
2.938100000000000023e+01
7.855700000000000216e+01
2.772500000000000142e+01
6.721099999999999852e+01
2.849200000000000088e+01
4.490599999999999881e+01
4.374699999999999989e+01
3.154200000000000159e+01
2.128099999999999881e+01
6.961499999999999488e+01
6.124300000000000210e+01
3.662199999999999989e+01
2.923100000000000165e+01
4.413700000000000045e+01
5.311400000000000432e+01
5.857500000000000284e+01
3.310699999999999932e+01
4.145300000000000296e+01
2.749500000000000099e+01
2.865899999999999892e+01
5.246200000000000330e+01
1.672899999999999920e+01
5.052799999999999869e+01
2.842800000000000082e+01
3.601400000000000290e+01
5.331799999999999784e+01
4.591400000000000148e+01
3.063700000000000045e+01
3.781199999999999761e+01
1.630100000000000193e+01
4.463900000000000290e+01
4.126299999999999812e+01
2.590200000000000102e+01
2.993800000000000239e+01
4.519299999999999784e+01
3.628699999999999903e+01
2.248499999999999943e+01
1.941700000000000159e+01
5.096099999999999852e+01
4.662500000000000000e+01
1.037079999999999984e+02
5.651400000000000290e+01
2.446100000000000207e+01
1.129000000000000092e+01
1.028750000000000000e+02
2.033000000000000185e+01
2.246900000000000119e+01
8.548799999999999955e+01
3.211699999999999733e+01
2.799699999999999989e+01
4.974099999999999966e+01
1.656400000000000006e+01
1.579400000000000048e+01
2.008800000000000097e+01
4.492099999999999937e+01
8.308299999999999841e+01
4.092000000000000171e+01
3.132400000000000162e+01
3.947899999999999920e+01
4.220100000000000051e+01
2.517600000000000193e+01
3.526400000000000290e+01
5.009499999999999886e+01
3.569299999999999784e+01
4.757699999999999818e+01
3.466799999999999926e+01
3.582200000000000273e+01
3.459300000000000352e+01
2.993200000000000216e+01
2.347200000000000131e+01
3.060800000000000054e+01
1.554000000000000092e+01
3.888300000000000267e+01
2.555499999999999972e+01
3.801700000000000301e+01
2.477100000000000080e+01
1.823600000000000065e+01
5.509100000000000108e+01
2.323499999999999943e+01
1.868799999999999883e+01
1.049780000000000086e+02
7.589000000000000057e+01
5.760999999999999943e+01
4.108299999999999841e+01
2.814199999999999946e+01
5.500200000000000244e+01
5.768999999999999773e+01
2.874600000000000222e+01
3.449300000000000210e+01
2.055000000000000071e+01
2.752299999999999969e+01
3.108500000000000085e+01
3.039499999999999957e+01
2.185099999999999909e+01
1.963599999999999923e+01
4.364500000000000313e+01
4.170799999999999841e+01
8.713800000000000523e+01
2.346300000000000097e+01
4.143800000000000239e+01
1.730400000000000205e+01
2.200400000000000134e+01
4.078900000000000148e+01
1.868200000000000216e+01
3.514399999999999835e+01
4.993200000000000216e+01
5.739399999999999835e+01
5.156799999999999784e+01
1.863599999999999923e+01
2.935800000000000054e+01
1.319619999999999891e+02
2.567200000000000060e+01
2.138299999999999912e+01
4.438000000000000256e+01
2.821999999999999886e+01
2.861200000000000188e+01
2.513400000000000034e+01
8.971399999999999864e+01
5.380600000000000449e+01
2.800199999999999889e+01
3.533700000000000330e+01
4.524099999999999966e+01
2.049599999999999866e+01
3.603800000000000381e+01
3.200200000000000244e+01
2.128200000000000003e+01
1.893900000000000006e+01
3.295100000000000051e+01
4.147899999999999920e+01
3.646900000000000119e+01
2.064499999999999957e+01
3.975000000000000000e+01
2.476000000000000156e+01
5.257099999999999795e+01
2.736400000000000077e+01
5.267999999999999972e+01
2.886500000000000199e+01
3.650399999999999778e+01
6.035900000000000176e+01
3.674399999999999977e+01
9.764499999999999602e+01
3.721099999999999852e+01
2.502200000000000202e+01
4.996300000000000097e+01
1.597000000000000064e+01
2.596300000000000097e+01
3.512199999999999989e+01
4.268200000000000216e+01
3.305899999999999750e+01
2.901999999999999957e+01
3.391799999999999926e+01
2.149699999999999989e+01
2.323000000000000043e+01
3.289300000000000068e+01
2.834200000000000230e+01
3.738400000000000034e+01
1.498900000000000077e+01
2.221699999999999875e+01
1.944999999999999929e+01
1.036850000000000023e+02
3.329299999999999926e+01
2.839799999999999969e+01
1.791499999999999915e+01
1.229680000000000035e+02
1.767999999999999972e+01
2.323600000000000065e+01
3.387700000000000244e+01
3.988799999999999812e+01
3.963000000000000256e+01
3.759799999999999898e+01
2.052100000000000080e+01
3.265400000000000347e+01
2.260500000000000043e+01
3.153200000000000003e+01
3.258500000000000085e+01
5.275999999999999801e+01
4.023100000000000165e+01
5.516600000000000392e+01
2.963500000000000156e+01
2.237800000000000011e+01
2.584400000000000119e+01
2.809499999999999886e+01
3.816900000000000404e+01
2.859900000000000020e+01
2.181200000000000117e+01
2.457799999999999940e+01
1.393500000000000050e+01
3.957099999999999795e+01
3.444500000000000028e+01
1.239279999999999973e+02
6.959000000000000341e+01
3.522899999999999920e+01
5.146099999999999852e+01
2.957000000000000028e+01
2.491400000000000148e+01
5.354299999999999926e+01
1.326030000000000086e+02
2.426900000000000190e+01
4.649799999999999756e+01
2.051000000000000156e+01
3.183900000000000219e+01
2.328699999999999903e+01
1.300099999999999945e+01
2.669600000000000151e+01
8.798699999999999477e+01
2.813200000000000145e+01
2.360099999999999909e+01
3.943699999999999761e+01
3.110099999999999909e+01
2.225100000000000122e+01
4.047400000000000375e+01
5.212800000000000011e+01
5.503800000000000381e+01
6.021999999999999886e+01
2.884100000000000108e+01
3.840599999999999881e+01
3.399399999999999977e+01
4.495600000000000307e+01
1.012900000000000063e+02
2.197800000000000153e+01
2.060900000000000176e+01
4.217399999999999949e+01
4.189999999999999858e+01
5.382300000000000040e+01
1.765899999999999892e+01
6.567900000000000205e+01
3.534900000000000375e+01
3.516499999999999915e+01
2.745100000000000051e+01
4.274200000000000443e+01
2.218900000000000006e+01
3.149000000000000199e+01
3.519299999999999784e+01
6.154100000000000392e+01
4.524399999999999977e+01
2.495100000000000051e+01
2.974099999999999966e+01
3.182000000000000028e+01
2.560300000000000153e+01
3.504899999999999949e+01
4.726400000000000290e+01
3.363900000000000290e+01
8.716500000000000625e+01
6.049399999999999977e+01
2.941400000000000148e+01
3.690100000000000335e+01
2.826099999999999923e+01
2.007600000000000051e+01
3.575300000000000011e+01
3.346900000000000119e+01
3.937800000000000011e+01
2.842900000000000205e+01
4.557600000000000051e+01
3.365599999999999881e+01
3.819400000000000261e+01
2.340899999999999892e+01
3.955799999999999983e+01
1.771399999999999864e+01
3.501100000000000279e+01
3.030799999999999983e+01
5.723700000000000188e+01
2.578699999999999903e+01
5.969299999999999784e+01
3.331700000000000017e+01
1.630600000000000094e+01
8.935500000000000398e+01
1.893299999999999983e+01
3.999399999999999977e+01
3.532999999999999829e+01
4.996600000000000108e+01
1.252599999999999980e+01
2.432900000000000063e+01
1.838599999999999923e+01
9.606900000000000261e+01
2.850799999999999912e+01
4.430300000000000438e+01
1.042079999999999984e+02
5.590500000000000114e+01
4.296200000000000330e+01
3.932600000000000051e+01
3.617600000000000193e+01
1.538300000000000090e+01
3.086599999999999966e+01
4.985000000000000142e+01
3.132199999999999918e+01
3.842300000000000182e+01
4.431499999999999773e+01
3.091499999999999915e+01
3.470799999999999841e+01
7.713400000000000034e+01
1.385899999999999999e+01
2.663800000000000168e+01
3.498300000000000409e+01
1.541399999999999970e+01
2.303900000000000148e+01
2.828200000000000003e+01
1.918900000000000006e+01
5.566600000000000392e+01
3.958800000000000097e+01
2.277100000000000080e+01
2.832400000000000162e+01
3.132400000000000162e+01
3.642000000000000171e+01
2.263200000000000145e+01
2.536299999999999955e+01
2.587800000000000011e+01
1.154459999999999980e+02
3.367099999999999937e+01
3.791400000000000148e+01
7.405700000000000216e+01
1.097570000000000050e+02
3.035300000000000153e+01
2.387100000000000222e+01
3.165099999999999980e+01
2.860300000000000153e+01
2.885699999999999932e+01
1.943799999999999883e+01
3.640500000000000114e+01
1.912999999999999901e+01
2.724000000000000199e+01
3.423700000000000188e+01
1.340680000000000121e+02
2.802599999999999980e+01
2.706299999999999883e+01
4.594100000000000250e+01
1.531499999999999950e+01
5.547200000000000131e+01
2.131500000000000128e+01
4.881799999999999784e+01
2.384700000000000131e+01
4.788199999999999790e+01
2.054500000000000171e+01
3.837800000000000011e+01
6.010300000000000153e+01
8.142900000000000205e+01
2.283699999999999974e+01
4.687100000000000222e+01
3.283100000000000307e+01
5.003300000000000125e+01
3.303600000000000136e+01
2.524099999999999966e+01
3.625699999999999790e+01
1.988899999999999935e+01
3.490500000000000114e+01
4.038700000000000045e+01
5.514999999999999858e+01
3.389800000000000324e+01
2.611400000000000077e+01
2.993599999999999994e+01
2.466900000000000048e+01
3.335999999999999943e+01
1.719399999999999906e+01
8.871000000000000796e+01
5.494299999999999784e+01
3.955899999999999750e+01
4.372299999999999898e+01
4.887199999999999989e+01
8.126900000000000546e+01
9.570600000000000307e+01
1.611100000000000065e+01
3.504200000000000159e+01
3.718200000000000216e+01
2.161800000000000210e+01
6.514300000000000068e+01
1.333190000000000168e+02
2.088400000000000034e+01
8.359600000000000364e+01
4.541600000000000392e+01
4.497100000000000364e+01
4.244800000000000040e+01
4.694200000000000017e+01
8.699399999999999977e+01
4.433200000000000074e+01
3.356700000000000017e+01
3.422400000000000375e+01
2.144999999999999929e+01
8.237000000000000455e+01
3.649799999999999756e+01
7.417700000000000671e+01
2.023400000000000176e+01
3.787100000000000222e+01
3.838300000000000267e+01
2.353200000000000003e+01
2.907799999999999940e+01
6.623600000000000421e+01
4.204899999999999949e+01
2.824600000000000222e+01
2.872599999999999909e+01
3.303999999999999915e+01
2.381099999999999994e+01
1.987099999999999866e+01
3.335000000000000142e+01
2.554200000000000159e+01
3.508599999999999852e+01
2.522700000000000031e+01
2.420200000000000173e+01
1.833300000000000196e+01
3.671300000000000097e+01
2.419800000000000040e+01
5.599800000000000466e+01
3.699000000000000199e+01
3.488100000000000023e+01
2.877200000000000202e+01
9.524899999999999523e+01
2.270100000000000051e+01
4.389300000000000068e+01
6.631400000000000716e+01
3.110699999999999932e+01
1.691199999999999903e+01
3.032300000000000040e+01
2.225100000000000122e+01
4.259100000000000108e+01
2.293599999999999994e+01
2.501000000000000156e+01
4.101800000000000068e+01
2.601500000000000057e+01
3.559100000000000108e+01
4.871200000000000330e+01
2.692699999999999960e+01
1.949200000000000088e+01
5.651400000000000290e+01
2.875700000000000145e+01
5.527100000000000080e+01
4.663900000000000290e+01
4.073400000000000176e+01
6.523600000000000421e+01
1.288900000000000112e+01
3.214200000000000301e+01
4.228600000000000136e+01
4.645199999999999818e+01
5.521399999999999864e+01
2.387199999999999989e+01
2.266799999999999926e+01
5.306700000000000017e+01
3.688100000000000023e+01
3.281300000000000239e+01
3.996699999999999875e+01
9.417400000000000659e+01
3.954100000000000392e+01
3.683400000000000318e+01
3.051000000000000156e+01
7.558299999999999841e+01
2.673100000000000165e+01
2.975400000000000134e+01
6.749899999999999523e+01
5.569299999999999784e+01
1.483699999999999974e+01
3.405400000000000205e+01
5.928500000000000369e+01
3.766199999999999903e+01
1.743499999999999872e+01
2.066799999999999926e+01
3.017900000000000205e+01
7.148300000000000409e+01
8.178799999999999670e+01
5.543400000000000460e+01
1.224950000000000045e+02
1.529970000000000141e+02
4.548900000000000432e+01
3.629899999999999949e+01
2.534900000000000020e+01
5.252799999999999869e+01
8.293300000000000693e+01
5.135099999999999909e+01
3.280599999999999739e+01
3.054100000000000037e+01
2.986700000000000088e+01
4.565200000000000102e+01
4.234100000000000108e+01
2.910900000000000176e+01
3.689800000000000324e+01
3.968900000000000006e+01
3.189499999999999957e+01
6.362400000000000233e+01
5.645100000000000051e+01
2.473300000000000054e+01
2.524699999999999989e+01
3.360000000000000142e+01
2.338400000000000034e+01
3.203000000000000114e+01
3.633500000000000085e+01
3.977499999999999858e+01
5.800500000000000256e+01
2.836299999999999955e+01
1.802400000000000091e+01
3.028000000000000114e+01
4.588400000000000034e+01
3.201599999999999824e+01
2.404100000000000037e+01
3.229899999999999949e+01
2.696300000000000097e+01
2.918400000000000105e+01
2.956200000000000117e+01
5.692999999999999972e+01
3.003399999999999892e+01
3.265800000000000125e+01
2.630499999999999972e+01
2.146600000000000108e+01
5.227499999999999858e+01
2.197800000000000153e+01
2.584100000000000108e+01
3.996500000000000341e+01
2.972800000000000153e+01
2.633200000000000074e+01
1.051370000000000005e+02
2.801000000000000156e+01
6.337400000000000233e+01
6.592100000000000648e+01
2.763100000000000023e+01
6.758100000000000307e+01
2.448400000000000176e+01
6.386899999999999977e+01
3.048499999999999943e+01
3.406000000000000227e+01
4.232900000000000063e+01
2.207400000000000162e+01
3.234400000000000119e+01
2.291499999999999915e+01
3.267600000000000193e+01
1.522300000000000075e+01
3.537100000000000222e+01
2.793500000000000227e+01
3.456600000000000250e+01
3.636399999999999721e+01
1.052639999999999958e+02
9.643000000000000682e+01
2.542699999999999960e+01
3.197100000000000009e+01
8.472599999999999909e+01
3.593800000000000239e+01
2.476600000000000179e+01
2.889799999999999969e+01
3.292000000000000171e+01
2.066199999999999903e+01
2.398300000000000054e+01
1.797500000000000142e+01
2.690200000000000102e+01
2.939499999999999957e+01
4.796800000000000352e+01
1.093629999999999995e+02
3.336800000000000210e+01
3.227900000000000347e+01
2.931099999999999994e+01
1.898300000000000054e+01
1.701099999999999923e+01
2.991900000000000048e+01
6.480899999999999750e+01
3.913400000000000034e+01
4.657800000000000296e+01
3.200200000000000244e+01
1.148710000000000093e+02
3.943599999999999994e+01
3.929800000000000182e+01
2.852100000000000080e+01
2.155000000000000071e+01
3.139799999999999969e+01
2.359499999999999886e+01
5.998499999999999943e+01
8.352700000000000102e+01
2.983500000000000085e+01
3.117600000000000193e+01
4.594899999999999807e+01
2.745100000000000051e+01
2.495800000000000196e+01
5.425800000000000267e+01
1.761800000000000210e+01
2.114000000000000057e+01
2.509400000000000119e+01
3.696399999999999864e+01
6.068200000000000216e+01
2.177899999999999991e+01
6.354299999999999926e+01
2.563400000000000034e+01
2.510500000000000043e+01
3.948799999999999955e+01
2.335200000000000031e+01
8.328300000000000125e+01
2.595500000000000185e+01
5.535000000000000142e+01
1.147360000000000042e+02
4.298700000000000188e+01
5.642099999999999937e+01
2.452400000000000091e+01
1.979899999999999949e+01
3.803000000000000114e+01
8.025400000000000489e+01
3.463199999999999790e+01
2.334700000000000131e+01
5.001700000000000301e+01
4.789800000000000324e+01
3.154599999999999937e+01
3.352300000000000324e+01
2.269000000000000128e+01
1.231700000000000017e+01
3.875300000000000011e+01
4.295700000000000074e+01
3.048100000000000165e+01
3.004899999999999949e+01
1.907000000000000028e+01
2.218900000000000006e+01
1.736500000000000199e+01
2.403999999999999915e+01
4.338199999999999790e+01
4.393099999999999739e+01
3.953300000000000125e+01
4.794100000000000250e+01
8.290300000000000580e+01
1.682100000000000151e+01
8.259799999999999898e+01
4.586599999999999966e+01
2.264799999999999969e+01
5.331499999999999773e+01
7.995900000000000318e+01
1.934600000000000009e+01
4.667200000000000415e+01
3.297800000000000153e+01
2.077500000000000213e+01
2.849800000000000111e+01
1.967099999999999937e+01
4.180000000000000426e+01
3.175400000000000134e+01
3.675900000000000034e+01
3.248899999999999721e+01
2.707400000000000162e+01
2.717399999999999949e+01
2.175300000000000011e+01
3.585500000000000398e+01
5.375000000000000000e+01
4.296399999999999864e+01
3.707900000000000063e+01
