# lp/w = 1.5
# Pf/Ps = 1.5
# G = 1.0
# target = 10
# success rate = 99.9
2.559600000000000009e+01
1.674899999999999878e+01
6.963400000000000034e+01
7.861499999999999488e+01
3.731799999999999784e+01
3.772599999999999909e+01
6.003200000000000358e+01
1.571499999999999986e+01
4.533599999999999852e+01
6.119599999999999795e+01
3.028200000000000003e+01
5.796900000000000119e+01
5.191499999999999915e+01
5.432099999999999795e+01
2.194800000000000040e+01
4.866700000000000159e+01
4.802400000000000091e+01
2.772599999999999909e+01
4.742000000000000171e+01
8.773999999999999488e+01
4.108700000000000330e+01
8.786599999999999966e+01
4.067699999999999960e+01
3.786599999999999966e+01
6.081300000000000239e+01
4.674399999999999977e+01
1.177200000000000024e+01
3.296900000000000119e+01
6.739000000000000057e+01
6.322100000000000364e+01
4.169299999999999784e+01
3.763799999999999812e+01
4.738400000000000034e+01
3.089400000000000190e+01
1.351600000000000001e+01
4.336400000000000432e+01
2.650700000000000145e+01
1.441399999999999970e+01
2.035500000000000043e+01
5.405000000000000249e+00
8.759700000000000841e+01
2.838599999999999923e+01
1.910500000000000043e+01
7.506900000000000261e+01
1.552770000000000152e+02
1.944099999999999895e+01
4.770300000000000296e+01
4.211100000000000421e+01
9.006799999999999784e+01
5.477700000000000102e+01
2.513599999999999923e+01
4.896600000000000108e+01
6.068599999999999994e+01
1.261200000000000010e+01
5.421000000000000263e+00
2.643100000000000094e+01
5.858100000000000307e+01
1.497799999999999976e+01
5.911700000000000443e+01
3.027500000000000213e+01
2.823400000000000176e+01
4.639800000000000324e+01
2.504899999999999949e+01
1.908019999999999925e+02
5.088300000000000267e+01
8.112699999999999534e+01
3.086400000000000077e+01
2.429299999999999926e+01
4.887899999999999778e+01
3.814800000000000324e+01
2.398300000000000054e+01
1.810800000000000054e+01
1.039480000000000075e+02
9.122100000000000364e+01
5.446099999999999852e+01
2.980100000000000193e+01
1.826200000000000045e+01
1.043430000000000035e+02
1.999300000000000210e+01
3.076600000000000179e+01
1.496529999999999916e+02
3.214999999999999858e+01
5.793500000000000227e+01
5.446800000000000352e+01
6.299000000000000377e+00
5.362899999999999778e+01
1.547100000000000009e+01
1.920299999999999940e+01
6.253200000000000358e+01
1.121779999999999973e+02
5.244800000000000040e+01
5.838900000000000290e+01
3.617099999999999937e+01
2.817500000000000071e+01
5.741700000000000159e+01
3.185300000000000153e+01
3.628999999999999915e+01
4.754100000000000392e+01
2.788200000000000145e+01
1.249600000000000044e+01
4.291400000000000148e+01
1.914000000000000057e+01
2.637399999999999878e+01
1.526239999999999952e+02
1.949440000000000168e+02
1.764799999999999969e+01
9.741800000000000637e+01
1.460599999999999987e+01
4.474699999999999989e+01
4.968500000000000227e+01
3.098900000000000077e+01
1.504000000000000092e+01
5.571000000000000085e+01
3.563600000000000279e+01
2.249000000000000199e+01
2.090399999999999991e+01
1.738599999999999923e+01
1.643599999999999994e+01
2.493200000000000216e+01
7.291000000000000369e+00
2.077200000000000202e+01
7.884400000000000830e+01
3.001699999999999946e+01
4.446999999999999886e+01
7.734300000000000352e+01
1.625000000000000000e+01
1.884100000000000108e+01
2.064100000000000179e+01
7.801099999999999568e+01
3.242600000000000193e+01
7.475700000000000500e+01
6.461499999999999488e+01
4.714300000000000068e+01
1.553480000000000132e+02
1.642200000000000060e+01
4.803500000000000369e+01
5.011599999999999966e+01
1.075000000000000000e+01
2.917000000000000171e+01
2.864499999999999957e+01
5.774300000000000210e+01
4.086100000000000421e+01
2.416700000000000159e+01
1.590000000000000036e+01
6.502899999999999636e+01
1.554100000000000037e+01
6.780800000000000693e+01
8.518900000000000716e+01
1.943100000000000094e+01
8.142900000000000205e+01
2.940500000000000114e+01
7.347700000000000387e+01
1.115900000000000070e+01
6.094999999999999751e+00
1.599200000000000088e+01
6.105199999999999960e+01
7.465200000000000102e+01
3.034200000000000230e+01
2.575700000000000145e+01
1.161899999999999977e+01
2.275300000000000011e+01
3.868800000000000239e+01
4.194500000000000028e+01
1.035690000000000026e+02
2.982900000000000063e+01
3.937299999999999756e+01
2.203999999999999915e+01
4.378800000000000381e+01
2.821799999999999997e+01
5.072400000000000375e+01
2.646600000000000108e+01
7.738800000000000523e+01
2.978000000000000114e+01
1.944300000000000139e+01
1.580199999999999960e+01
3.128800000000000026e+01
6.112700000000000244e+01
1.579499999999999993e+01
5.656900000000000261e+01
1.225510000000000019e+02
3.832999999999999829e+01
3.326400000000000290e+01
1.392900000000000027e+01
3.510999999999999943e+01
6.366900000000000404e+01
2.085699999999999932e+01
7.126000000000000512e+01
8.170300000000000296e+01
1.485400000000000098e+01
2.956599999999999895e+01
2.146499999999999986e+01
1.363600000000000101e+01
3.981099999999999994e+01
2.390500000000000114e+01
4.514500000000000313e+01
2.720200000000000173e+01
4.710000000000000142e+01
4.498799999999999955e+01
7.714999999999999858e+00
2.323400000000000176e+01
8.317400000000000659e+01
4.478900000000000148e+01
5.429899999999999949e+01
2.555600000000000094e+01
5.278399999999999892e+01
8.103700000000000614e+01
8.345799999999999841e+01
3.264000000000000057e+01
5.028800000000000381e+01
3.914699999999999847e+01
4.266600000000000392e+01
5.082500000000000284e+01
1.411049999999999898e+02
1.446499999999999986e+01
1.014499999999999957e+01
2.359299999999999997e+01
2.351300000000000168e+01
2.241000000000000014e+01
6.494700000000000273e+01
1.916400000000000148e+01
1.404430000000000121e+02
4.242300000000000182e+01
3.571800000000000352e+01
5.384700000000000131e+01
6.645400000000000773e+01
1.717800000000000082e+01
1.924800000000000111e+01
5.000800000000000267e+01
7.237699999999999534e+01
2.865700000000000003e+01
3.191400000000000148e+01
1.976699999999999946e+01
7.481100000000000705e+01
5.033599999999999852e+01
2.154599999999999937e+01
1.996199999999999974e+01
3.473499999999999943e+01
5.357000000000000206e+00
7.899500000000000455e+01
2.322200000000000131e+01
1.668199999999999861e+01
3.058300000000000196e+01
8.832900000000000773e+01
3.611699999999999733e+01
1.843499999999999872e+01
2.070299999999999940e+01
6.837199999999999989e+01
3.078399999999999892e+01
5.079299999999999926e+01
1.124609999999999985e+02
3.315899999999999892e+01
2.702700000000000102e+01
1.299099999999999966e+01
2.835999999999999943e+01
1.184100000000000108e+01
1.192300000000000004e+01
4.063700000000000045e+01
6.901200000000000045e+01
1.866000000000000014e+01
3.137600000000000122e+01
1.532600000000000051e+01
5.224000000000000199e+01
1.570199999999999996e+01
5.722200000000000131e+01
1.952100000000000080e+01
2.946100000000000207e+01
3.606900000000000261e+01
1.272799999999999976e+01
2.461599999999999966e+01
6.378800000000000381e+01
1.414400000000000013e+01
5.170900000000000318e+01
4.573499999999999943e+01
3.219599999999999795e+01
3.852900000000000347e+01
2.192300000000000182e+01
8.140800000000000125e+01
7.985399999999999920e+01
2.444500000000000028e+01
2.181899999999999906e+01
6.854699999999999704e+01
8.722299999999999898e+01
1.369200000000000159e+02
5.387899999999999778e+01
8.172500000000000853e+01
8.676000000000000156e+00
3.059499999999999886e+01
3.743299999999999983e+01
4.080000000000000426e+01
4.637100000000000222e+01
9.218900000000000716e+01
2.940600000000000236e+01
4.414699999999999847e+01
1.942000000000000171e+01
2.412300000000000111e+01
6.718699999999999761e+01
1.346719999999999970e+02
2.397200000000000131e+01
8.190900000000000603e+01
5.031700000000000017e+01
6.329400000000000404e+01
7.865500000000000114e+01
3.746000000000000085e+01
3.301500000000000057e+01
4.825200000000000244e+01
3.879500000000000171e+01
2.704599999999999937e+01
5.496300000000000097e+01
2.548700000000000188e+01
1.239700000000000024e+01
6.934000000000000163e+00
3.159700000000000131e+01
8.871999999999999886e+00
1.311450000000000102e+02
2.802400000000000091e+01
2.334700000000000131e+01
2.187800000000000011e+01
3.063200000000000145e+01
1.938400000000000034e+01
4.992600000000000193e+01
2.511299999999999955e+01
2.931099999999999994e+01
3.830199999999999960e+01
4.095799999999999841e+01
3.714900000000000091e+01
1.475000000000000000e+01
4.895700000000000074e+01
9.497500000000000853e+01
2.518299999999999983e+01
4.076500000000000057e+01
4.098700000000000188e+01
4.672400000000000375e+01
9.095799999999999841e+01
8.196500000000000341e+01
1.223600000000000065e+01
8.880500000000000682e+01
1.786700000000000088e+01
1.034249999999999972e+02
7.587000000000000455e+01
3.350099999999999767e+01
4.071300000000000097e+01
3.941799999999999926e+01
1.594500000000000028e+01
8.130899999999999750e+01
2.104700000000000060e+01
8.817999999999999616e+00
2.423499999999999943e+01
2.925000000000000000e+01
4.153900000000000148e+01
5.877700000000000102e+01
8.192000000000000171e+00
3.968900000000000006e+01
3.200900000000000034e+01
3.284199999999999875e+01
7.458500000000000796e+01
5.215100000000000335e+01
7.446900000000000830e+01
5.742500000000000426e+01
1.189000000000000057e+01
3.249799999999999756e+01
7.654399999999999693e+01
1.356700000000000017e+01
1.372100000000000009e+01
5.032600000000000051e+01
3.256900000000000261e+01
2.372299999999999898e+01
1.422479999999999905e+02
3.371999999999999886e+01
1.243990000000000009e+02
3.860600000000000165e+01
2.350400000000000134e+01
4.192800000000000438e+01
5.266400000000000148e+01
5.445600000000000307e+01
5.219599999999999795e+01
1.149099999999999966e+01
3.351599999999999824e+01
4.825999999999999801e+01
1.186260000000000048e+02
2.918500000000000227e+01
7.130899999999999750e+01
2.581500000000000128e+01
2.015200000000000102e+01
5.999099999999999966e+01
4.876800000000000068e+01
7.543000000000000682e+01
2.396199999999999974e+01
2.430400000000000205e+01
1.875700000000000145e+01
4.365299999999999869e+01
5.348199999999999932e+01
1.617000000000000171e+01
4.525399999999999778e+01
5.567800000000000438e+01
7.571900000000000830e+01
2.144500000000000028e+01
3.342699999999999960e+01
1.142500000000000071e+01
2.493799999999999883e+01
4.989000000000000057e+01
1.468599999999999994e+01
5.066000000000000369e+01
1.635500000000000043e+01
4.803000000000000114e+01
1.540799999999999947e+01
5.577400000000000091e+01
6.156200000000000472e+01
1.083370000000000033e+02
6.197800000000000153e+01
2.944999999999999929e+01
4.904700000000000415e+01
6.665699999999999648e+01
1.891400000000000148e+01
6.723999999999999488e+01
3.606199999999999761e+01
7.484199999999999875e+01
4.859199999999999875e+01
1.629299999999999926e+01
4.354800000000000182e+01
2.860300000000000153e+01
6.011100000000000421e+01
5.285300000000000153e+01
1.348700000000000010e+01
5.163199999999999790e+01
1.016310000000000002e+02
5.407099999999999795e+01
6.168700000000000472e+01
3.542999999999999972e+01
1.781299999999999883e+01
5.610000000000000142e+01
5.018500000000000227e+01
3.603999999999999915e+01
2.701000000000000156e+01
2.048199999999999932e+01
2.646900000000000119e+01
9.694500000000000739e+01
3.076900000000000190e+01
1.550579999999999927e+02
3.646500000000000341e+01
7.207300000000000750e+01
4.583899999999999864e+01
2.194000000000000128e+01
3.547100000000000364e+01
3.527000000000000313e+01
3.302199999999999847e+01
5.481000000000000227e+01
1.082300000000000040e+01
3.991100000000000136e+01
4.014399999999999835e+01
9.944000000000000838e+00
7.193999999999999773e+01
3.742799999999999727e+01
7.645900000000000318e+01
2.576699999999999946e+01
4.280100000000000193e+01
7.348799999999999955e+01
6.192900000000000205e+01
4.860800000000000409e+01
3.512199999999999989e+01
3.648199999999999932e+01
3.360399999999999920e+01
3.622100000000000364e+01
4.119700000000000273e+01
1.090769999999999982e+02
1.029969999999999999e+02
2.169600000000000151e+01
2.095400000000000063e+01
2.590700000000000003e+01
2.619600000000000151e+01
3.490200000000000102e+01
2.720899999999999963e+01
2.888500000000000156e+01
4.495400000000000063e+01
4.376500000000000057e+01
4.196500000000000341e+01
5.243800000000000239e+01
1.247600000000000087e+01
4.765700000000000358e+01
3.545900000000000318e+01
4.923400000000000176e+01
8.465600000000000591e+01
2.762199999999999989e+01
3.980400000000000205e+01
6.730200000000000671e+01
9.279999999999999361e+00
2.611299999999999955e+01
5.903999999999999915e+01
9.371200000000000330e+01
4.146500000000000341e+01
1.968700000000000117e+01
1.130700000000000074e+02
5.264500000000000313e+01
3.598000000000000398e+01
3.162800000000000011e+01
4.525699999999999790e+01
3.798900000000000432e+01
2.316199999999999903e+01
1.429100000000000037e+01
5.080400000000000205e+01
2.560699999999999932e+01
4.718200000000000216e+01
3.537299999999999756e+01
2.282799999999999940e+01
4.497800000000000153e+01
4.934600000000000364e+01
2.346400000000000219e+01
5.101500000000000057e+01
8.281499999999999773e+01
3.476800000000000068e+01
4.905899999999999750e+01
5.701599999999999824e+01
4.178500000000000369e+01
2.592999999999999972e+01
9.858999999999999986e+00
4.653999999999999915e+00
6.190100000000000335e+01
2.393400000000000105e+01
1.549900000000000055e+01
1.919099999999999895e+01
3.579500000000000171e+01
4.808899999999999864e+01
3.388600000000000279e+01
1.545800000000000018e+01
3.842000000000000171e+01
4.226400000000000290e+01
2.866100000000000136e+01
3.769899999999999807e+01
5.726800000000000068e+01
4.766000000000000369e+01
4.207900000000000063e+01
1.271150000000000091e+02
8.013700000000000045e+01
4.166700000000000159e+01
5.154100000000000392e+01
4.610999999999999943e+01
3.344200000000000017e+01
2.244800000000000040e+01
1.338300000000000090e+01
2.716400000000000148e+01
2.598900000000000077e+01
1.408400000000000034e+02
5.085699999999999932e+01
5.510200000000000387e+01
4.510200000000000387e+01
5.319400000000000261e+01
1.512100000000000044e+01
4.191000000000000369e+01
1.909799999999999898e+01
4.056700000000000017e+01
5.423400000000000176e+01
7.203600000000000136e+01
6.201899999999999835e+01
3.880799999999999983e+01
2.278500000000000014e+01
6.701900000000000546e+01
5.603300000000000125e+01
5.228600000000000136e+01
4.277400000000000091e+01
2.726200000000000045e+01
1.980600000000000094e+01
3.232600000000000051e+01
1.231199999999999939e+01
1.239590000000000032e+02
8.766700000000000159e+01
6.125200000000000244e+01
6.902599999999999625e+01
1.251600000000000001e+01
6.838000000000000078e+00
4.653300000000000125e+01
3.463600000000000279e+01
9.609900000000000375e+01
7.101900000000000546e+01
6.734999999999999432e+01
8.175100000000000477e+01
7.904999999999999716e+01
6.993200000000000216e+01
2.628000000000000114e+01
7.330800000000000693e+01
4.196900000000000119e+01
2.674300000000000210e+01
7.243000000000000327e+00
5.947299999999999898e+01
1.420599999999999952e+01
4.736200000000000188e+01
2.118599999999999994e+01
4.524099999999999966e+01
4.534100000000000108e+01
4.447400000000000375e+01
1.829599999999999937e+01
2.385999999999999943e+01
4.675699999999999790e+01
3.882900000000000063e+01
9.444599999999999795e+01
2.443400000000000105e+01
5.258599999999999852e+01
4.416000000000000369e+01
2.673300000000000054e+01
2.632199999999999918e+01
6.418999999999999773e+01
3.399399999999999977e+01
2.950400000000000134e+01
5.820100000000000051e+01
2.845700000000000074e+01
1.838299999999999912e+01
2.647500000000000142e+01
5.610399999999999920e+01
9.129399999999999693e+01
1.605000000000000071e+01
4.181300000000000239e+01
6.419899999999999807e+01
5.337199999999999989e+01
5.621800000000000352e+01
8.228199999999999648e+01
2.119999999999999929e+01
1.659600000000000009e+01
6.124900000000000233e+01
2.420800000000000196e+01
5.496800000000000352e+01
1.623300000000000054e+01
6.497200000000000841e+01
2.781700000000000017e+01
2.348900000000000077e+01
9.432000000000000384e+00
1.911400000000000077e+01
1.376600000000000001e+01
5.190200000000000102e+01
3.960399999999999920e+01
2.361899999999999977e+01
3.829700000000000415e+01
8.398600000000000421e+01
2.932799999999999940e+01
3.610000000000000142e+01
4.137400000000000233e+01
2.061800000000000210e+01
2.661200000000000188e+01
4.911899999999999977e+01
4.855799999999999983e+01
2.949300000000000210e+01
3.561899999999999977e+01
4.287100000000000222e+01
3.831700000000000017e+01
2.069300000000000139e+01
4.793100000000000449e+01
1.321600000000000108e+01
1.541109999999999900e+02
8.001999999999999602e+01
2.482199999999999918e+01
5.701100000000000279e+01
3.858899999999999864e+01
5.288700000000000045e+01
5.250999999999999801e+01
1.893100000000000094e+01
9.684100000000000819e+01
1.055799999999999983e+01
4.628399999999999892e+01
1.157519999999999953e+02
3.505400000000000205e+01
1.454600000000000115e+01
5.767500000000000426e+01
2.025499999999999901e+01
2.542000000000000171e+01
2.382499999999999929e+01
3.257699999999999818e+01
1.394400000000000084e+01
6.567100000000000648e+01
5.801100000000000279e+01
6.155300000000000438e+01
2.572500000000000142e+01
2.996400000000000219e+01
5.702700000000000102e+01
1.537599999999999945e+01
3.883800000000000097e+01
5.318200000000000216e+01
1.608699999999999974e+01
2.605400000000000205e+01
2.076699999999999946e+01
5.613199999999999790e+01
2.214300000000000068e+01
1.586680000000000064e+02
7.542100000000000648e+01
1.980999999999999872e+01
3.729299999999999926e+01
6.378099999999999881e+01
3.314999999999999858e+01
1.020199999999999960e+02
5.215200000000000102e+01
4.330000000000000071e+00
1.748000000000000043e+01
1.939400000000000190e+01
2.343100000000000094e+01
9.354200000000000159e+01
3.320000000000000284e+01
2.559400000000000119e+01
1.946499999999999986e+01
4.320400000000000063e+01
7.725999999999999979e+00
6.536700000000000443e+01
3.746600000000000108e+01
2.448600000000000065e+01
2.217399999999999949e+01
5.876200000000000045e+01
2.375400000000000134e+01
2.380300000000000082e+01
5.924999999999999822e+00
7.293399999999999750e+01
3.851400000000000290e+01
1.024200000000000088e+01
7.026699999999999591e+01
8.681199999999999761e+01
1.505000000000000071e+01
2.649800000000000111e+01
1.709600000000000009e+01
7.606700000000000728e+01
2.622400000000000020e+01
3.884900000000000375e+01
9.467999999999999972e+00
6.120400000000000063e+01
5.547299999999999898e+01
1.932400000000000162e+01
5.775399999999999778e+01
6.747799999999999443e+01
4.491900000000000404e+01
7.867100000000000648e+01
1.828699999999999903e+01
3.288700000000000045e+01
8.497299999999999898e+01
5.559100000000000108e+01
1.171090000000000089e+02
7.090800000000000125e+01
3.210999999999999943e+01
2.956800000000000139e+01
9.274399999999999977e+01
1.108020000000000067e+02
6.753499999999999659e+01
4.561500000000000199e+01
3.511699999999999733e+01
5.582999999999999829e+01
2.863599999999999923e+01
5.824099999999999966e+01
8.110699999999999932e+01
5.317500000000000426e+01
1.187969999999999970e+02
2.797899999999999920e+01
2.892300000000000182e+01
4.174199999999999733e+01
1.172160000000000082e+02
2.243400000000000105e+01
2.538299999999999912e+01
1.683899999999999864e+01
5.873600000000000421e+01
2.743200000000000216e+01
9.160099999999999909e+01
2.030300000000000082e+01
7.828700000000000614e+01
1.436310000000000002e+02
2.910699999999999932e+01
1.724200000000000088e+01
6.174900000000000233e+01
1.279199999999999982e+01
7.347100000000000364e+01
2.481500000000000128e+01
3.228000000000000114e+01
1.010280000000000058e+02
3.457399999999999807e+01
6.326700000000000301e+01
2.938200000000000145e+01
1.699080000000000155e+02
9.692000000000000171e+01
2.698799999999999955e+01
3.428399999999999892e+01
1.022770000000000010e+02
2.355300000000000082e+01
5.998799999999999955e+01
1.423700000000000010e+01
4.703300000000000125e+01
4.254299999999999926e+01
1.448499999999999943e+01
2.534799999999999898e+01
1.054690000000000083e+02
2.791499999999999915e+01
1.064400000000000013e+01
1.400099999999999945e+01
8.267600000000000193e+01
7.637000000000000455e+01
2.565000000000000213e+01
1.175099999999999945e+01
2.842800000000000082e+01
1.754299999999999926e+01
2.104899999999999949e+01
2.071400000000000219e+01
4.527000000000000313e+01
5.808800000000000097e+01
2.152799999999999869e+01
4.964399999999999835e+01
6.052100000000000080e+01
5.420000000000000284e+01
8.101800000000000068e+01
3.713700000000000045e+01
4.974000000000000199e+01
2.654200000000000159e+01
4.631400000000000006e+01
2.981599999999999895e+01
6.354500000000000171e+01
5.823100000000000165e+01
4.966300000000000381e+01
7.609799999999999898e+01
2.035600000000000165e+01
3.533100000000000307e+01
2.805000000000000071e+01
4.586400000000000432e+01
2.882499999999999929e+01
1.468800000000000061e+01
4.803500000000000369e+01
4.330100000000000193e+01
3.021400000000000219e+01
4.687500000000000000e+01
3.959600000000000364e+01
1.346199999999999974e+01
4.002700000000000102e+01
7.810399999999999920e+01
3.330299999999999727e+01
6.068299999999999983e+01
3.257999999999999829e+01
1.489360000000000070e+02
2.546600000000000108e+01
3.385699999999999932e+01
3.246900000000000119e+01
6.751200000000000045e+01
4.808400000000000318e+01
1.323200000000000109e+01
4.891600000000000392e+01
2.794099999999999895e+01
3.350500000000000256e+01
2.445700000000000074e+01
3.001500000000000057e+01
1.240399999999999991e+01
2.566300000000000026e+01
4.586200000000000188e+01
2.109400000000000119e+01
1.396400000000000041e+01
4.164500000000000313e+01
2.464499999999999957e+01
3.243699999999999761e+01
7.507099999999999795e+01
1.105499999999999972e+01
5.203699999999999903e+01
3.254100000000000392e+01
3.305700000000000216e+01
1.991799999999999926e+01
4.991300000000000381e+01
4.134100000000000108e+01
3.641000000000000369e+01
6.889300000000000068e+01
3.226599999999999824e+01
2.120500000000000185e+01
4.784600000000000364e+01
2.047400000000000020e+01
5.247899999999999920e+01
5.878200000000000358e+01
4.259400000000000119e+01
4.405799999999999983e+01
3.816900000000000404e+01
5.328000000000000114e+01
2.265099999999999980e+01
9.224999999999999645e+00
1.338400000000000034e+01
6.699399999999999977e+01
3.263700000000000045e+01
3.223100000000000165e+01
3.176200000000000045e+01
3.151699999999999946e+01
3.885399999999999920e+01
2.583900000000000219e+01
5.119700000000000273e+01
1.825000000000000000e+01
9.159100000000000819e+01
2.536599999999999966e+01
1.070540000000000020e+02
5.478000000000000114e+01
1.058760000000000048e+02
2.553300000000000125e+01
1.605999999999999872e+01
2.869300000000000139e+01
3.532000000000000028e+01
5.494200000000000017e+01
5.398799999999999955e+01
7.836499999999999488e+01
4.128900000000000148e+01
2.559600000000000009e+01
1.790899999999999892e+01
1.089930000000000092e+02
2.805499999999999972e+01
3.162699999999999889e+01
6.056300000000000239e+01
5.150999999999999801e+01
3.910500000000000398e+01
7.173499999999999943e+01
4.922299999999999898e+01
6.651900000000000546e+01
2.789799999999999969e+01
1.417399999999999949e+01
1.432099999999999973e+01
5.537000000000000455e+01
4.088900000000000290e+01
4.738199999999999790e+01
4.722200000000000131e+01
1.967300000000000182e+01
3.662899999999999778e+01
2.340000000000000213e+01
9.451000000000000512e+00
1.474399999999999977e+01
4.281600000000000250e+01
4.693200000000000216e+01
1.240900000000000070e+01
3.355599999999999739e+01
3.534900000000000375e+01
1.142800000000000082e+01
1.083500000000000085e+01
2.741799999999999926e+01
2.264400000000000190e+01
3.444599999999999795e+01
2.983099999999999952e+01
3.942099999999999937e+01
8.510399999999999920e+01
7.208000000000000185e+00
6.157000000000000028e+01
3.477100000000000080e+01
9.076300000000000523e+01
3.166000000000000014e+01
2.270500000000000185e+01
2.661100000000000065e+01
7.942000000000000171e+01
6.700400000000000489e+01
4.241100000000000136e+01
4.093399999999999750e+01
8.776900000000000546e+01
9.051999999999999602e+00
6.061599999999999966e+01
2.686700000000000088e+01
2.358699999999999974e+01
3.749799999999999756e+01
3.963100000000000023e+01
1.577500000000000036e+01
2.694099999999999895e+01
3.409100000000000108e+01
9.775199999999999534e+01
6.630100000000000193e+01
1.253500000000000085e+02
1.209740000000000038e+02
1.948400000000000176e+01
6.452299999999999613e+01
2.587699999999999889e+01
1.282100000000000080e+02
1.286100000000000065e+01
5.458800000000000097e+01
1.404650000000000034e+02
2.185999999999999943e+01
5.671900000000000119e+01
5.840400000000000347e+01
3.156800000000000139e+01
3.953999999999999915e+01
1.434219999999999970e+02
5.008800000000000097e+01
1.881800000000000139e+01
1.632700000000000173e+01
6.679300000000000637e+01
2.910099999999999909e+01
1.563960000000000150e+02
7.223699999999999477e+01
7.711700000000000443e+01
3.925699999999999790e+01
3.528399999999999892e+01
1.000640000000000072e+02
3.960900000000000176e+01
2.737600000000000122e+01
2.993299999999999983e+01
5.028800000000000381e+01
2.348700000000000188e+01
6.582399999999999807e+01
1.461400000000000077e+01
7.105000000000000426e+00
3.294299999999999784e+01
3.000600000000000023e+01
5.452100000000000080e+01
2.225499999999999901e+01
3.265599999999999881e+01
3.994299999999999784e+01
1.883099999999999952e+01
4.276899999999999835e+01
2.049000000000000199e+01
3.655000000000000426e+01
3.032900000000000063e+01
3.677400000000000091e+01
1.034320000000000022e+02
3.681700000000000017e+01
2.005999999999999872e+01
3.229500000000000171e+01
3.831000000000000227e+01
7.148199999999999932e+01
5.373199999999999932e+01
9.983999999999999986e+00
6.640200000000000102e+01
2.366799999999999926e+01
7.840600000000000591e+01
2.542399999999999949e+01
1.866900000000000048e+01
3.315599999999999881e+01
1.168110000000000070e+02
2.585900000000000176e+01
3.871300000000000097e+01
5.861200000000000188e+01
4.182399999999999807e+01
8.742199999999999704e+01
8.279800000000000182e+01
6.102199999999999847e+01
2.717500000000000071e+01
1.874000000000000199e+01
1.545800000000000018e+01
2.236100000000000065e+01
4.370600000000000307e+01
1.708200000000000074e+01
1.861599999999999966e+01
1.928600000000000136e+01
5.015899999999999892e+01
4.446900000000000119e+01
3.774600000000000222e+01
2.509900000000000020e+01
2.041700000000000159e+01
5.123300000000000409e+01
4.204299999999999926e+01
1.351800000000000068e+01
2.422899999999999920e+01
3.080700000000000216e+01
5.464200000000000301e+01
3.020400000000000063e+01
3.971399999999999864e+01
2.534299999999999997e+01
1.490200000000000102e+01
9.564600000000000080e+01
6.423300000000000409e+01
5.558800000000000097e+01
1.653900000000000148e+01
3.661399999999999721e+01
3.041400000000000148e+01
1.504199999999999982e+01
5.757200000000000273e+01
7.306199999999999761e+01
6.581700000000000728e+01
2.779400000000000048e+01
1.450300000000000011e+01
1.362280000000000086e+02
1.279300000000000104e+01
2.020599999999999952e+01
4.967500000000000426e+01
3.353500000000000369e+01
6.049399999999999977e+01
5.141700000000000159e+01
4.331499999999999773e+01
2.442500000000000071e+01
5.154400000000000404e+01
1.595500000000000007e+01
1.002600000000000051e+02
2.692000000000000171e+01
3.278800000000000381e+01
1.337800000000000011e+01
5.540200000000000102e+01
1.312139999999999986e+02
1.973000000000000043e+01
2.738100000000000023e+01
3.832000000000000028e+01
8.524699999999999989e+01
4.025000000000000000e+01
2.845100000000000051e+01
9.387099999999999511e+01
3.526100000000000279e+01
1.657100000000000151e+01
5.734600000000000364e+01
4.695400000000000063e+01
1.693499999999999872e+01
1.388799999999999990e+01
5.370499999999999829e+01
5.286200000000000188e+01
6.210500000000000398e+01
6.007999999999999829e+01
4.518100000000000449e+01
3.937700000000000244e+01
3.410900000000000176e+01
6.806700000000000728e+01
5.198700000000000188e+01
5.696399999999999864e+01
5.664500000000000313e+01
1.441999999999999993e+01
1.604599999999999937e+01
5.850300000000000011e+01
3.950699999999999790e+01
5.403099999999999881e+01
1.028449999999999989e+02
1.191090000000000089e+02
4.910200000000000387e+01
5.587800000000000011e+01
5.415400000000000347e+01
3.634400000000000119e+01
3.094800000000000040e+01
1.534200000000000053e+01
1.935000000000000142e+01
5.541100000000000136e+01
2.033200000000000074e+01
2.843700000000000117e+01
4.409700000000000131e+01
2.060099999999999909e+01
7.521600000000000819e+01
7.433100000000000307e+01
1.430030000000000143e+02
6.542499999999999716e+01
1.155840000000000032e+02
5.775600000000000023e+01
9.543500000000000227e+01
4.018999999999999773e+01
5.324399999999999977e+01
1.754400000000000048e+01
7.079999999999999716e+01
1.401940000000000168e+02
3.419599999999999795e+01
2.227100000000000080e+01
2.856299999999999883e+01
1.329799999999999898e+02
5.054100000000000392e+01
4.939600000000000080e+01
7.177599999999999625e+01
5.214699999999999847e+01
8.822000000000000952e+00
3.576200000000000045e+01
1.107870000000000061e+02
4.335800000000000409e+01
5.428999999999999915e+01
4.174699999999999989e+01
1.626000000000000156e+01
1.762699999999999889e+01
3.652700000000000102e+01
4.725099999999999767e+01
8.489000000000000767e+00
2.518500000000000227e+01
2.819000000000000128e+01
7.860300000000000864e+01
4.343299999999999983e+01
3.466199999999999903e+01
2.021600000000000108e+01
2.801600000000000179e+01
1.197600000000000087e+01
3.097599999999999909e+01
1.692800000000000082e+01
6.128200000000000358e+01
3.556099999999999994e+01
4.773900000000000432e+01
6.180600000000000449e+01
5.926400000000000290e+01
4.282000000000000028e+01
2.868599999999999994e+01
3.535999999999999943e+01
9.272500000000000853e+01
1.174369999999999976e+02
2.112999999999999901e+01
2.653300000000000125e+01
6.870900000000000318e+01
2.732100000000000151e+01
3.727400000000000091e+01
2.354800000000000182e+01
3.981400000000000006e+01
2.621000000000000085e+01
1.998300000000000054e+01
7.481100000000000705e+01
2.954899999999999949e+01
8.987399999999999523e+01
2.269999999999999929e+01
1.667500000000000071e+01
9.071900000000000830e+01
5.792399999999999949e+01
3.493500000000000227e+01
2.830300000000000082e+01
4.036599999999999966e+01
1.255600000000000094e+01
5.706600000000000250e+01
5.839500000000000313e+01
4.175699999999999790e+01
2.284799999999999898e+01
2.519900000000000162e+01
8.345000000000000284e+01
3.102100000000000080e+01
1.284999999999999964e+01
2.400700000000000145e+01
3.746200000000000330e+01
4.760900000000000176e+01
4.445400000000000063e+01
6.316799999999999926e+01
2.856899999999999906e+01
2.283399999999999963e+01
2.900400000000000134e+01
2.125900000000000034e+01
4.601100000000000279e+01
3.962299999999999756e+01
3.499099999999999966e+01
7.586700000000000443e+01
5.762800000000000011e+01
3.984499999999999886e+01
5.717399999999999949e+01
2.492900000000000205e+01
6.719700000000000273e+01
1.057099999999999973e+01
7.431700000000000728e+01
4.082699999999999818e+01
4.473199999999999932e+01
1.035870000000000033e+02
2.700100000000000122e+01
1.696499999999999986e+01
5.399900000000000233e+01
2.605600000000000094e+01
4.463400000000000034e+01
3.238199999999999790e+01
4.356600000000000250e+01
2.492900000000000205e+01
3.753699999999999903e+01
1.048859999999999957e+02
2.289499999999999957e+01
3.072200000000000131e+01
3.849699999999999989e+01
1.111419999999999959e+02
5.107699999999999818e+01
3.005600000000000094e+01
2.116199999999999903e+01
4.885900000000000176e+01
1.036580000000000013e+02
3.770300000000000296e+01
9.803000000000000114e+01
4.542699999999999960e+01
3.250099999999999767e+01
6.944800000000000750e+01
2.707600000000000051e+01
3.429299999999999926e+01
5.657699999999999818e+01
8.025700000000000500e+01
7.810899999999999466e+01
4.350600000000000023e+01
2.796799999999999997e+01
2.844900000000000162e+01
4.859799999999999898e+01
1.755499999999999972e+01
2.796300000000000097e+01
3.679200000000000159e+01
8.362699999999999534e+01
4.698400000000000176e+01
5.652700000000000102e+01
2.632900000000000063e+01
4.996399999999999864e+01
3.872500000000000142e+01
4.064399999999999835e+01
3.525900000000000034e+01
1.814900000000000091e+01
4.433400000000000318e+01
4.987199999999999989e+01
3.719800000000000040e+01
2.369000000000000128e+01
2.969000000000000128e+01
2.548000000000000043e+01
2.905799999999999983e+01
3.612899999999999778e+01
1.472620000000000005e+02
2.269099999999999895e+01
5.560000000000000142e+01
4.524200000000000443e+01
2.849699999999999989e+01
6.841599999999999682e+01
6.333400000000000318e+01
7.391000000000000014e+00
5.551700000000000301e+01
2.752700000000000102e+01
3.230799999999999983e+01
1.943599999999999994e+01
2.205300000000000082e+01
2.221100000000000207e+01
3.095400000000000063e+01
4.502600000000000335e+01
8.677599999999999625e+01
8.422000000000000597e+00
3.509300000000000352e+01
1.271300000000000097e+01
4.792200000000000415e+01
4.170100000000000051e+01
5.726299999999999812e+01
6.651500000000000057e+01
4.438799999999999812e+01
3.918299999999999983e+01
5.555499999999999972e+01
4.429299999999999926e+01
2.705400000000000205e+01
2.464799999999999969e+01
1.831599999999999895e+01
5.531900000000000261e+01
2.684799999999999898e+01
2.055000000000000071e+01
1.409399999999999942e+01
2.388800000000000168e+01
4.920199999999999818e+01
3.289399999999999835e+01
3.356099999999999994e+01
1.206199999999999939e+01
4.406099999999999994e+01
7.750900000000000034e+01
3.191499999999999915e+01
2.685000000000000142e+01
1.895080000000000098e+02
1.838599999999999923e+01
3.273100000000000165e+01
2.137399999999999878e+01
3.682500000000000284e+01
3.454599999999999937e+01
1.101800000000000068e+01
2.613700000000000045e+01
4.552799999999999869e+01
9.175199999999999534e+01
3.533100000000000307e+01
5.045600000000000307e+01
6.806900000000000261e+01
6.257000000000000561e+00
9.531900000000000261e+01
2.820500000000000185e+01
1.061880000000000024e+02
6.990200000000000102e+01
2.723400000000000176e+01
2.897299999999999898e+01
2.322700000000000031e+01
1.183389999999999986e+02
7.896099999999999852e+01
1.748100000000000165e+01
3.723700000000000188e+01
3.277600000000000335e+01
5.083299999999999841e+01
4.639800000000000324e+01
5.551500000000000057e+01
6.754999999999999716e+01
2.265399999999999991e+01
5.227900000000000347e+01
2.452899999999999991e+01
2.652500000000000213e+01
7.242900000000000205e+01
5.211700000000000443e+01
2.870599999999999952e+01
2.403800000000000026e+01
2.062699999999999889e+01
3.606700000000000017e+01
2.995400000000000063e+01
1.851399999999999935e+01
3.637700000000000244e+01
1.324000000000000021e+01
1.347499999999999964e+01
3.986400000000000432e+01
7.096000000000000085e+00
5.837899999999999778e+01
1.044270000000000067e+02
8.352200000000000557e+01
3.518299999999999983e+01
3.105499999999999972e+01
8.472100000000000364e+01
5.834799999999999898e+01
4.867900000000000205e+01
1.409399999999999942e+01
2.692099999999999937e+01
4.505199999999999960e+01
1.155300000000000082e+01
2.582000000000000028e+01
4.847299999999999898e+01
5.589099999999999824e+01
4.744100000000000250e+01
9.176999999999999602e+00
3.272700000000000387e+01
1.997899999999999920e+01
5.052400000000000091e+01
4.841700000000000159e+01
6.308599999999999852e+01
8.895199999999999818e+01
1.595000000000000107e+01
2.378999999999999915e+01
3.101699999999999946e+01
6.982800000000000296e+01
3.041400000000000148e+01
5.661700000000000443e+01
6.380000000000000426e+01
2.378399999999999892e+01
4.332200000000000273e+01
5.887400000000000233e+01
5.543200000000000216e+01
9.314300000000000068e+01
5.450399999999999778e+01
1.257199999999999989e+02
4.050000000000000000e+01
1.254410000000000025e+02
7.478100000000000591e+01
6.159300000000000352e+01
1.263599999999999994e+02
1.031620000000000061e+02
1.988800000000000168e+01
8.854000000000000981e+00
1.068910000000000053e+02
1.443599999999999994e+01
4.320100000000000051e+01
5.129800000000000182e+01
2.140399999999999991e+01
4.097500000000000142e+01
4.961000000000000298e+00
1.721499999999999986e+01
4.515800000000000125e+01
3.335500000000000398e+01
8.388299999999999557e+01
2.437399999999999878e+01
7.587199999999999989e+01
4.256000000000000227e+00
3.161500000000000199e+01
3.692600000000000193e+01
1.464799999999999969e+01
1.987999999999999901e+01
1.070439999999999969e+02
2.005700000000000216e+01
3.137300000000000111e+01
1.622400000000000020e+01
6.260099999999999909e+01
5.722400000000000375e+01
8.218999999999999417e+00
5.764800000000000324e+01
5.711500000000000199e+01
3.941499999999999915e+01
3.639099999999999824e+01
4.636299999999999955e+01
3.637700000000000244e+01
2.132799999999999940e+01
2.001500000000000057e+01
6.291700000000000159e+01
4.027000000000000313e+01
3.485900000000000176e+01
2.295700000000000074e+01
4.539099999999999824e+01
6.423699999999999477e+01
1.953530000000000086e+02
1.554600000000000115e+01
2.531200000000000117e+01
1.576699999999999946e+01
2.439300000000000068e+01
3.648199999999999932e+01
1.743700000000000117e+01
1.557500000000000107e+01
2.102400000000000091e+01
1.501200000000000045e+01
3.425099999999999767e+01
5.654299999999999926e+01
4.216900000000000404e+01
3.040899999999999892e+01
3.800600000000000023e+01
4.246099999999999852e+01
4.392099999999999937e+01
6.400799999999999557e+01
2.623700000000000188e+01
2.855799999999999983e+01
5.295600000000000307e+01
1.425999999999999979e+01
1.838400000000000034e+01
1.872400000000000020e+01
1.738700000000000045e+01
3.248700000000000188e+01
6.926000000000000512e+01
4.983899999999999864e+01
4.075399999999999778e+01
8.377899999999999636e+01
2.646999999999999886e+01
1.103550000000000040e+02
2.015500000000000114e+01
2.608999999999999986e+01
7.425600000000000023e+01
2.655100000000000193e+01
3.362100000000000222e+01
2.839499999999999957e+01
1.224600000000000044e+01
3.041600000000000037e+01
1.230900000000000105e+01
6.361700000000000443e+01
2.357400000000000162e+01
5.420400000000000063e+01
4.200000000000000000e+01
2.599899999999999878e+01
5.204500000000000171e+01
8.324200000000000443e+01
2.199300000000000210e+01
2.768700000000000117e+01
1.874300000000000210e+01
2.278500000000000014e+01
3.234799999999999898e+01
3.303099999999999881e+01
2.505700000000000216e+01
8.871900000000000830e+01
2.903600000000000136e+01
3.507300000000000040e+01
3.252799999999999869e+01
3.016100000000000136e+01
5.602600000000000335e+01
4.321600000000000108e+01
2.479599999999999937e+01
5.452799999999999869e+01
1.192019999999999982e+02
3.005600000000000094e+01
3.270700000000000074e+01
3.601500000000000057e+01
2.659499999999999886e+01
1.885399999999999920e+01
4.718200000000000216e+01
8.002899999999999636e+01
7.120600000000000307e+01
4.085900000000000176e+01
2.855400000000000205e+01
5.201400000000000290e+01
2.855499999999999972e+01
3.772400000000000375e+01
2.531800000000000139e+01
9.978100000000000591e+01
5.070700000000000074e+01
1.748100000000000165e+01
6.104700000000000415e+01
6.860299999999999443e+01
5.726800000000000068e+01
2.492500000000000071e+01
1.594800000000000040e+01
7.569400000000000261e+01
5.578099999999999881e+01
8.721399999999999864e+01
3.037300000000000111e+01
2.512399999999999878e+01
1.766199999999999903e+01
1.221230000000000047e+02
5.688900000000000290e+01
1.020899999999999963e+01
4.565400000000000347e+01
3.488000000000000256e+01
6.806799999999999784e+01
2.825700000000000145e+01
1.725600000000000023e+01
4.303699999999999903e+01
3.471399999999999864e+01
1.106000000000000050e+01
3.056000000000000227e+01
5.693800000000000239e+01
2.628200000000000003e+01
1.898600000000000065e+01
5.087000000000000455e+01
1.964000000000000057e+01
4.094500000000000028e+01
2.945700000000000074e+01
4.727600000000000335e+01
3.827499999999999858e+01
9.390200000000000102e+01
3.578699999999999903e+01
7.105299999999999727e+01
2.233699999999999974e+01
1.279549999999999983e+02
4.785800000000000409e+01
1.558099999999999952e+01
4.588700000000000045e+01
1.879899999999999949e+01
1.098799999999999955e+01
5.880400000000000205e+01
2.530000000000000071e+01
1.287700000000000067e+01
4.648199999999999932e+01
4.876400000000000290e+01
1.605699999999999861e+01
9.621699999999999875e+01
2.653600000000000136e+01
1.817999999999999972e+01
4.852199999999999847e+01
7.208500000000000796e+01
3.657200000000000273e+01
5.928500000000000369e+01
1.946699999999999875e+01
4.947899999999999920e+01
7.279500000000000171e+01
1.881400000000000006e+01
1.391600000000000037e+01
3.236200000000000188e+01
2.218599999999999994e+01
3.296600000000000108e+01
1.461800000000000033e+01
2.626600000000000179e+01
4.685900000000000176e+01
2.217999999999999972e+01
3.854899999999999949e+01
6.898799999999999955e+01
6.634000000000000341e+00
1.074440000000000026e+02
9.703300000000000125e+01
7.171600000000000819e+01
2.304700000000000060e+01
1.758399999999999963e+01
1.422600000000000087e+01
1.468599999999999994e+01
3.816300000000000381e+01
4.758800000000000097e+01
8.300799999999999557e+01
8.402100000000000080e+01
8.993000000000000327e+00
6.214000000000000057e+01
4.282900000000000063e+01
2.967399999999999949e+01
7.592100000000000648e+01
2.535300000000000153e+01
1.966199999999999903e+01
4.253000000000000114e+01
1.600720000000000027e+02
6.633400000000000318e+01
1.019780000000000086e+02
5.240700000000000358e+01
2.051000000000000156e+01
3.038599999999999923e+01
1.295899999999999963e+01
7.948699999999999477e+01
3.359600000000000364e+01
1.377839999999999918e+02
1.827299999999999969e+01
7.715000000000000568e+01
5.426400000000000290e+01
6.664000000000000057e+01
4.335500000000000398e+01
7.093900000000000716e+01
8.519299999999999784e+01
9.891800000000000637e+01
5.621900000000000119e+01
3.402400000000000091e+01
6.115899999999999892e+01
2.346600000000000108e+01
2.243499999999999872e+01
3.068500000000000227e+01
1.143599999999999994e+01
4.472400000000000375e+01
3.093599999999999994e+01
1.171300000000000097e+01
5.010800000000000409e+01
4.983700000000000330e+01
2.840600000000000236e+01
4.000200000000000244e+01
3.457099999999999795e+01
5.090500000000000114e+01
6.981400000000000716e+01
4.268299999999999983e+01
4.978300000000000125e+01
2.030600000000000094e+01
3.592000000000000082e+00
1.092579999999999956e+02
1.407099999999999973e+01
2.166600000000000037e+01
4.459300000000000352e+01
2.866100000000000136e+01
2.130799999999999983e+01
1.026350000000000051e+02
2.545299999999999940e+01
8.559600000000000364e+01
7.895400000000000773e+01
5.352199999999999847e+01
1.505289999999999964e+02
4.578600000000000136e+01
4.093299999999999983e+01
1.187199999999999989e+01
8.387199999999999989e+01
2.361299999999999955e+01
2.517399999999999949e+01
6.057800000000000296e+01
1.120000000000000107e+01
2.594200000000000017e+01
6.594299999999999784e+01
1.040600000000000058e+01
5.421300000000000097e+01
8.807800000000000296e+01
6.481000000000000227e+01
8.438800000000000523e+01
3.760399999999999920e+01
3.426100000000000279e+01
4.075999999999999801e+01
1.539499999999999957e+01
4.828000000000000114e+01
3.029700000000000060e+01
2.088200000000000145e+01
1.676000000000000156e+01
4.471600000000000108e+01
6.362199999999999989e+01
3.412500000000000000e+01
1.708600000000000207e+01
4.443200000000000216e+01
4.371000000000000085e+01
1.100100000000000051e+02
5.350500000000000256e+01
3.491300000000000381e+01
3.081200000000000117e+01
5.621500000000000341e+01
3.490100000000000335e+01
4.318399999999999750e+01
5.174200000000000443e+01
1.676730000000000018e+02
1.882000000000000028e+01
2.690000000000000213e+01
3.929400000000000404e+01
1.732000000000000028e+01
1.580799999999999983e+01
5.074600000000000222e+01
3.689600000000000080e+01
8.040000000000000924e+00
8.979000000000000981e+00
5.609300000000000352e+01
4.227000000000000313e+01
6.081200000000000472e+01
1.670599999999999952e+01
1.248900000000000077e+01
1.291630000000000109e+02
5.204899999999999949e+01
3.569700000000000273e+01
2.575799999999999912e+01
2.600900000000000034e+01
9.231600000000000250e+01
3.761899999999999977e+01
3.459700000000000131e+01
2.590399999999999991e+01
2.617000000000000171e+01
1.132600000000000051e+01
2.862100000000000222e+01
5.982399999999999807e+01
3.826599999999999824e+01
5.540500000000000114e+01
2.975300000000000011e+01
4.014900000000000091e+01
1.476600000000000001e+01
1.771300000000000097e+01
5.741300000000000381e+01
2.393299999999999983e+01
1.887800000000000011e+01
5.327400000000000091e+01
3.113700000000000045e+01
2.630499999999999972e+01
5.849800000000000466e+01
4.150999999999999801e+01
6.224900000000000233e+01
4.696099999999999852e+01
1.356700000000000017e+01
2.133900000000000219e+01
1.623600000000000065e+01
6.980299999999999727e+01
1.162199999999999989e+01
2.595599999999999952e+01
2.353800000000000026e+01
2.560999999999999943e+01
4.689800000000000324e+01
3.232500000000000284e+01
7.164300000000000068e+01
1.949500000000000099e+01
6.092699999999999960e+01
4.052900000000000347e+01
6.191700000000000159e+01
2.582100000000000151e+01
9.980500000000000682e+01
8.030800000000000693e+01
4.726700000000000301e+01
5.893599999999999994e+01
1.932300000000000040e+01
2.359900000000000020e+01
2.921100000000000207e+01
4.625099999999999767e+01
1.603499999999999943e+02
8.489100000000000534e+01
1.392100000000000080e+02
4.465800000000000125e+01
4.894700000000000273e+01
9.352200000000000557e+01
1.904299999999999926e+01
4.596300000000000097e+01
1.404000000000000092e+01
1.190799999999999947e+01
4.725200000000000244e+01
6.022500000000000142e+01
4.090400000000000347e+01
3.026999999999999957e+01
5.044800000000000040e+01
6.046900000000000119e+01
1.065079999999999956e+02
8.588400000000000034e+01
2.117500000000000071e+01
2.596100000000000207e+01
3.932200000000000273e+01
6.784300000000000352e+01
4.178999999999999915e+01
4.975600000000000023e+01
5.031199999999999761e+01
2.329899999999999949e+01
6.487600000000000477e+01
2.678699999999999903e+01
1.597300000000000075e+01
2.947200000000000131e+01
5.600399999999999778e+01
9.468800000000000239e+01
8.740000000000000568e+01
1.597900000000000098e+01
1.433399999999999963e+01
2.512199999999999989e+01
6.823499999999999943e+01
1.197400000000000020e+01
3.253999999999999915e+01
3.866199999999999903e+01
3.390500000000000114e+01
4.142800000000000438e+01
2.829899999999999949e+01
1.349039999999999964e+02
3.030900000000000105e+01
8.272000000000000242e+00
4.348499999999999943e+01
4.497599999999999909e+01
2.943299999999999983e+01
7.686400000000000432e+01
7.242100000000000648e+01
2.068700000000000117e+01
9.399599999999999511e+01
1.836899999999999977e+01
9.515800000000000125e+01
2.558900000000000219e+01
5.240400000000000347e+01
9.011199999999999477e+01
2.179599999999999937e+01
3.721699999999999875e+01
1.265600000000000058e+01
5.063900000000000290e+01
5.825099999999999767e+01
2.068400000000000105e+01
2.990399999999999991e+01
9.252700000000000102e+01
6.460500000000000398e+01
7.757999999999999829e+01
4.643800000000000239e+01
3.877499999999999858e+01
4.053900000000000148e+01
2.181899999999999906e+01
1.438900000000000112e+01
1.534999999999999964e+01
2.265099999999999980e+01
4.668599999999999994e+01
8.553600000000000136e+01
1.062370000000000090e+02
3.810800000000000409e+01
7.230100000000000193e+01
6.555100000000000193e+01
3.678900000000000148e+01
4.253099999999999881e+01
2.733099999999999952e+01
2.836500000000000199e+01
3.744100000000000250e+01
4.264399999999999835e+01
1.977200000000000202e+01
5.513400000000000034e+01
4.469700000000000273e+01
1.716600000000000037e+01
1.500999999999999979e+01
2.662100000000000222e+01
3.713499999999999801e+01
3.201700000000000301e+01
1.986599999999999966e+01
4.873000000000000398e+01
3.421600000000000108e+01
3.096799999999999997e+01
2.693799999999999883e+01
5.025500000000000256e+01
4.754400000000000404e+01
2.465899999999999892e+01
3.629999999999999893e+00
1.688899999999999935e+01
3.967399999999999949e+01
3.008600000000000207e+01
1.676000000000000156e+01
1.260870000000000033e+02
4.258599999999999852e+01
1.110899999999999999e+01
3.268999999999999773e+01
2.059799999999999898e+01
4.980499999999999972e+01
3.372800000000000153e+01
2.775300000000000011e+01
4.924799999999999756e+01
7.010800000000000409e+01
3.333400000000000318e+01
3.698900000000000432e+01
6.742400000000000659e+01
2.755799999999999983e+01
2.631800000000000139e+01
3.927600000000000335e+01
2.585099999999999909e+01
3.640899999999999892e+01
2.976800000000000068e+01
5.514500000000000313e+01
1.069879999999999995e+02
7.669100000000000250e+01
1.664000000000000057e+01
1.635000000000000142e+01
4.492600000000000193e+01
9.332000000000000739e+00
4.399699999999999989e+01
3.965700000000000358e+01
7.170300000000000296e+01
1.143100000000000094e+01
7.500900000000000034e+01
4.370700000000000074e+01
2.196300000000000097e+01
4.937100000000000222e+01
2.995200000000000173e+01
9.373999999999999488e+01
5.099699999999999989e+01
2.107000000000000028e+01
3.927499999999999858e+01
3.345300000000000296e+01
8.581700000000000728e+01
5.908599999999999852e+01
2.401600000000000179e+01
6.456799999999999784e+01
1.237599999999999945e+01
7.253600000000000136e+01
9.471999999999999531e+00
5.826100000000000279e+01
2.206599999999999895e+01
3.180000000000000071e+01
2.933500000000000085e+01
2.902599999999999980e+01
1.172289999999999992e+02
1.197100000000000009e+01
4.405199999999999960e+01
2.477299999999999969e+01
1.815099999999999909e+02
4.681300000000000239e+01
3.862199999999999989e+01
1.533500000000000085e+01
6.383500000000000085e+01
2.981800000000000139e+01
2.304599999999999937e+01
2.492800000000000082e+01
1.373300000000000054e+01
3.996900000000000119e+01
5.873700000000000188e+01
4.332600000000000051e+01
5.333700000000000330e+01
2.216799999999999926e+01
1.061899999999999977e+01
2.639600000000000080e+01
6.665099999999999625e+01
3.636399999999999721e+01
4.505000000000000426e+01
1.757799999999999940e+01
6.712199999999999989e+01
2.571900000000000119e+01
2.470200000000000173e+01
2.094300000000000139e+01
2.107400000000000162e+01
5.052000000000000490e+00
6.867400000000000659e+01
1.087100000000000044e+01
4.713499999999999801e+01
3.404500000000000171e+01
6.050699999999999790e+01
2.730499999999999972e+01
9.933200000000000784e+01
1.298099999999999987e+01
3.319100000000000250e+01
7.859799999999999898e+01
3.056800000000000139e+01
8.918800000000000239e+01
3.834400000000000119e+01
3.892500000000000426e+01
5.343500000000000227e+01
2.705600000000000094e+01
2.223900000000000077e+01
4.410999999999999943e+01
4.784000000000000341e+01
6.611199999999999477e+01
4.803099999999999881e+01
3.053399999999999892e+01
3.366100000000000136e+01
6.861400000000000432e+01
2.383800000000000097e+01
7.430700000000000216e+01
2.620200000000000173e+01
1.985399999999999920e+01
1.876099999999999923e+01
1.113829999999999956e+02
3.375300000000000011e+01
9.221000000000000085e+00
2.342399999999999949e+01
5.874900000000000233e+01
6.753400000000000603e+01
7.544899999999999807e+01
3.185300000000000153e+01
1.375200000000000067e+01
5.464099999999999824e+01
3.109299999999999997e+01
3.791100000000000136e+01
