# lp/w = 1.5
# Pf/Ps = 0.5
# G = 1.0
# target = -10.0
# success rate = 100.0
1.668400000000000105e+01
1.402599999999999980e+01
2.129800000000000182e+01
1.895100000000000051e+01
1.516800000000000104e+01
2.228900000000000148e+01
2.303500000000000014e+01
1.240300000000000047e+01
1.992000000000000171e+01
1.756099999999999994e+01
1.138000000000000078e+01
2.759700000000000131e+01
1.565600000000000058e+01
3.487899999999999778e+01
3.139499999999999957e+01
3.037699999999999889e+01
1.981400000000000006e+01
2.045899999999999963e+01
2.615099999999999980e+01
2.295800000000000196e+01
1.167900000000000027e+01
1.169700000000000095e+01
2.415399999999999991e+01
1.964900000000000091e+01
2.182700000000000173e+01
1.640599999999999881e+01
2.180799999999999983e+01
1.632600000000000051e+01
2.008800000000000097e+01
1.549500000000000099e+01
1.672700000000000031e+01
1.913800000000000168e+01
1.752700000000000102e+01
1.209999999999999964e+01
1.372000000000000064e+01
1.184100000000000108e+01
1.001999999999999957e+01
1.781599999999999895e+01
2.365899999999999892e+01
1.932600000000000051e+01
1.894999999999999929e+01
2.165299999999999869e+01
1.423600000000000065e+01
1.328299999999999947e+01
1.993100000000000094e+01
1.833399999999999963e+01
2.548700000000000188e+01
2.250100000000000122e+01
1.434299999999999997e+01
1.434299999999999997e+01
1.832199999999999918e+01
1.389900000000000091e+01
2.157499999999999929e+01
1.529600000000000115e+01
1.771100000000000207e+01
1.792999999999999972e+01
1.277299999999999969e+01
1.627799999999999869e+01
2.015500000000000114e+01
3.075199999999999889e+01
1.309900000000000020e+01
1.845800000000000196e+01
1.518900000000000006e+01
2.550100000000000122e+01
2.765200000000000102e+01
2.286100000000000065e+01
1.015600000000000058e+01
1.708999999999999986e+01
2.773499999999999943e+01
1.745299999999999940e+01
1.280600000000000094e+01
1.644800000000000040e+01
2.138899999999999935e+01
2.033999999999999986e+01
1.399099999999999966e+01
1.619800000000000040e+01
1.600900000000000034e+01
1.634400000000000119e+01
1.361400000000000077e+01
1.420899999999999963e+01
1.471700000000000053e+01
2.164100000000000179e+01
2.205400000000000205e+01
4.582200000000000273e+01
1.471700000000000053e+01
1.484200000000000053e+01
1.267600000000000016e+01
1.776099999999999923e+01
1.744399999999999906e+01
1.983699999999999974e+01
2.866799999999999926e+01
2.135600000000000165e+01
2.083500000000000085e+01
2.602700000000000102e+01
2.149000000000000199e+01
1.283999999999999986e+01
1.948300000000000054e+01
1.969999999999999929e+01
1.290600000000000058e+01
2.131299999999999883e+01
1.365099999999999980e+01
1.497400000000000020e+01
1.452299999999999969e+01
1.675400000000000134e+01
3.875600000000000023e+01
2.423600000000000065e+01
1.768900000000000006e+01
1.942399999999999949e+01
1.591200000000000081e+01
1.418599999999999994e+01
2.151900000000000190e+01
1.276900000000000013e+01
1.439000000000000057e+01
2.434199999999999875e+01
2.398900000000000077e+01
1.165799999999999947e+01
1.130700000000000038e+01
1.861599999999999966e+01
1.423700000000000010e+01
2.173400000000000176e+01
1.760099999999999909e+01
2.729299999999999926e+01
1.448099999999999987e+01
1.079599999999999937e+01
1.564499999999999957e+01
1.354199999999999982e+01
1.933300000000000196e+01
1.866799999999999926e+01
2.423100000000000165e+01
1.436200000000000010e+01
2.130900000000000105e+01
1.660600000000000165e+01
2.039300000000000068e+01
1.863899999999999935e+01
1.722800000000000153e+01
1.813100000000000023e+01
1.804200000000000159e+01
1.860699999999999932e+01
1.093100000000000094e+01
3.420300000000000296e+01
1.325099999999999945e+01
1.484999999999999964e+01
1.633000000000000185e+01
1.335899999999999999e+01
3.159200000000000230e+01
1.637399999999999878e+01
1.636700000000000088e+01
3.331700000000000017e+01
1.640099999999999980e+01
1.584299999999999997e+01
1.249500000000000099e+01
2.316799999999999926e+01
1.736899999999999977e+01
1.442600000000000016e+01
1.645299999999999940e+01
2.391000000000000014e+01
2.693299999999999983e+01
1.676200000000000045e+01
1.584600000000000009e+01
3.080499999999999972e+01
1.566300000000000026e+01
1.373700000000000010e+01
2.659900000000000020e+01
1.756400000000000006e+01
2.429599999999999937e+01
1.574699999999999989e+01
1.310200000000000031e+01
2.088700000000000045e+01
2.088800000000000168e+01
2.523900000000000077e+01
4.358200000000000074e+01
1.154499999999999993e+01
2.153800000000000026e+01
1.972700000000000031e+01
2.223199999999999932e+01
1.968499999999999872e+01
1.329000000000000092e+01
1.609199999999999875e+01
2.000000000000000000e+01
1.741799999999999926e+01
2.119000000000000128e+01
2.520800000000000196e+01
1.221100000000000030e+01
1.193699999999999939e+01
2.262800000000000011e+01
1.536500000000000021e+01
1.371199999999999974e+01
1.927400000000000091e+01
1.374399999999999977e+01
1.132799999999999940e+01
3.066600000000000037e+01
1.590399999999999991e+01
2.149899999999999878e+01
1.093699999999999939e+01
2.178300000000000125e+01
1.579300000000000104e+01
6.284000000000000341e+01
1.668799999999999883e+01
1.562800000000000011e+01
1.301699999999999946e+01
1.266000000000000014e+01
2.048400000000000176e+01
1.729700000000000060e+01
1.733000000000000185e+01
1.046600000000000108e+01
1.095500000000000007e+01
1.431700000000000017e+01
1.771300000000000097e+01
2.576500000000000057e+01
1.770800000000000196e+01
1.450200000000000067e+01
1.397300000000000075e+01
1.562500000000000000e+01
1.384200000000000053e+01
1.227299999999999969e+01
1.422100000000000009e+01
2.571400000000000219e+01
1.058699999999999974e+01
1.226100000000000101e+01
1.396400000000000041e+01
2.322100000000000009e+01
1.182200000000000095e+01
3.444500000000000028e+01
1.533300000000000018e+01
1.387899999999999956e+01
1.712199999999999989e+01
1.629899999999999949e+01
1.319299999999999962e+01
1.135200000000000031e+01
2.079299999999999926e+01
1.394299999999999962e+01
1.711100000000000065e+01
1.914700000000000202e+01
2.441900000000000048e+01
1.501699999999999946e+01
2.501699999999999946e+01
1.334200000000000053e+01
2.198499999999999943e+01
1.533300000000000018e+01
1.430000000000000071e+01
1.422499999999999964e+01
1.338000000000000078e+01
2.140599999999999881e+01
2.951300000000000168e+01
2.724900000000000233e+01
1.678600000000000136e+01
1.265399999999999991e+01
1.080300000000000082e+01
4.150699999999999790e+01
3.128399999999999892e+01
3.507399999999999807e+01
1.195000000000000107e+01
1.216399999999999970e+01
2.230199999999999960e+01
2.522500000000000142e+01
1.914199999999999946e+01
1.356000000000000050e+01
1.969099999999999895e+01
1.662999999999999901e+01
2.594900000000000162e+01
2.436400000000000077e+01
1.513900000000000112e+01
1.774699999999999989e+01
1.764799999999999969e+01
2.156899999999999906e+01
2.713400000000000034e+01
1.860000000000000142e+01
2.799099999999999966e+01
1.960999999999999943e+01
1.416399999999999970e+01
1.689799999999999969e+01
2.252799999999999869e+01
3.371000000000000085e+01
1.243400000000000105e+01
1.813599999999999923e+01
1.859700000000000131e+01
1.136500000000000021e+01
1.811599999999999966e+01
4.231700000000000017e+01
2.054500000000000171e+01
1.757199999999999918e+01
1.821300000000000097e+01
1.423600000000000065e+01
1.131099999999999994e+01
2.623100000000000165e+01
1.232900000000000063e+01
1.008200000000000074e+01
1.378100000000000058e+01
1.380000000000000071e+01
2.007199999999999918e+01
2.463100000000000023e+01
1.918400000000000105e+01
1.174099999999999966e+01
1.812699999999999889e+01
2.067099999999999937e+01
1.718900000000000006e+01
1.288900000000000112e+01
1.698400000000000176e+01
1.264499999999999957e+01
1.475699999999999967e+01
1.584800000000000075e+01
3.269800000000000040e+01
2.681200000000000117e+01
2.418700000000000117e+01
1.188300000000000090e+01
1.519800000000000040e+01
1.861200000000000188e+01
2.146000000000000085e+01
2.002700000000000102e+01
1.474800000000000111e+01
1.511800000000000033e+01
1.633500000000000085e+01
1.174000000000000021e+01
3.471000000000000085e+01
2.829800000000000182e+01
1.515600000000000058e+01
1.408000000000000007e+01
1.523900000000000077e+01
1.932100000000000151e+01
2.062699999999999889e+01
1.678399999999999892e+01
1.281000000000000050e+01
1.880600000000000094e+01
1.858500000000000085e+01
1.439199999999999946e+01
1.148099999999999987e+01
1.401100000000000101e+01
1.938800000000000168e+01
1.590200000000000102e+01
1.349399999999999977e+01
1.139100000000000001e+01
1.360100000000000087e+01
1.800900000000000034e+01
2.669699999999999918e+01
1.784900000000000020e+01
1.365600000000000058e+01
1.840700000000000003e+01
2.178300000000000125e+01
1.330600000000000094e+01
1.859400000000000119e+01
3.256799999999999784e+01
1.379000000000000092e+01
1.372000000000000064e+01
1.371700000000000053e+01
4.692500000000000426e+01
1.981599999999999895e+01
1.629700000000000060e+01
2.566100000000000136e+01
1.951999999999999957e+01
1.434800000000000075e+01
2.026200000000000045e+01
1.510200000000000031e+01
3.183000000000000185e+01
2.604200000000000159e+01
1.879599999999999937e+01
2.657499999999999929e+01
2.816700000000000159e+01
2.151699999999999946e+01
1.652700000000000102e+01
1.843900000000000006e+01
3.130900000000000105e+01
3.182700000000000173e+01
3.290899999999999892e+01
1.486899999999999977e+01
1.061200000000000010e+01
2.763899999999999935e+01
1.853099999999999881e+01
1.559800000000000075e+01
1.439799999999999969e+01
2.325499999999999901e+01
1.214100000000000001e+01
1.832600000000000051e+01
2.374200000000000088e+01
1.153700000000000081e+01
1.689999999999999858e+01
1.134900000000000020e+01
2.303200000000000003e+01
4.663300000000000267e+01
2.764499999999999957e+01
1.892399999999999949e+01
3.118900000000000006e+01
2.758099999999999952e+01
2.578600000000000136e+01
1.707700000000000173e+01
8.588000000000000966e+00
1.429600000000000115e+01
2.570400000000000063e+01
1.915399999999999991e+01
2.507700000000000173e+01
1.770400000000000063e+01
1.336299999999999955e+01
1.356300000000000061e+01
2.427899999999999991e+01
2.062900000000000134e+01
1.214199999999999946e+01
2.330499999999999972e+01
1.730100000000000193e+01
1.666600000000000037e+01
1.428000000000000114e+01
1.351500000000000057e+01
1.802599999999999980e+01
2.665700000000000003e+01
1.454400000000000048e+01
3.770400000000000063e+01
3.029700000000000060e+01
1.547700000000000031e+01
1.148700000000000010e+01
1.888700000000000045e+01
1.985999999999999943e+01
2.115899999999999892e+01
1.274300000000000033e+01
2.980100000000000193e+01
1.255499999999999972e+01
2.276600000000000179e+01
1.870299999999999940e+01
3.030900000000000105e+01
1.721100000000000207e+01
1.479400000000000048e+01
1.296700000000000053e+01
1.397300000000000075e+01
1.249699999999999989e+01
1.636500000000000199e+01
2.347100000000000009e+01
1.699399999999999977e+01
1.865599999999999881e+01
3.039199999999999946e+01
1.228100000000000058e+01
2.030700000000000216e+01
1.609400000000000119e+01
1.697599999999999909e+01
1.318900000000000006e+01
1.349800000000000111e+01
2.256500000000000128e+01
1.246600000000000108e+01
1.265600000000000058e+01
2.218200000000000216e+01
1.423799999999999955e+01
1.451800000000000068e+01
1.383600000000000030e+01
1.047199999999999953e+01
2.830499999999999972e+01
1.491099999999999959e+01
1.362300000000000111e+01
1.630400000000000205e+01
1.449800000000000111e+01
1.632799999999999940e+01
1.701999999999999957e+01
1.970700000000000074e+01
1.023499999999999943e+01
1.472900000000000098e+01
1.721900000000000119e+01
2.109600000000000009e+01
1.589499999999999957e+01
2.207600000000000051e+01
1.339700000000000024e+01
2.209499999999999886e+01
2.567600000000000193e+01
2.279100000000000037e+01
1.493700000000000117e+01
1.316500000000000092e+01
1.346899999999999942e+01
1.304899999999999949e+01
3.516199999999999903e+01
1.598200000000000109e+01
1.359100000000000108e+01
1.845700000000000074e+01
1.306199999999999939e+01
1.267100000000000115e+01
2.576300000000000168e+01
1.833399999999999963e+01
1.585299999999999976e+01
4.207999999999999829e+01
1.591800000000000104e+01
1.639900000000000091e+01
2.062199999999999989e+01
1.958399999999999963e+01
1.394800000000000040e+01
1.493299999999999983e+01
1.468999999999999950e+01
2.029400000000000048e+01
1.891100000000000136e+01
1.446000000000000085e+01
1.120400000000000063e+01
1.227299999999999969e+01
1.621799999999999997e+01
1.238400000000000034e+01
1.664199999999999946e+01
1.599500000000000099e+01
2.284900000000000020e+01
1.570400000000000063e+01
1.185999999999999943e+01
3.114900000000000091e+01
1.408399999999999963e+01
2.195299999999999940e+01
3.155199999999999960e+01
1.148399999999999999e+01
1.244899999999999984e+01
2.186599999999999966e+01
1.288799999999999990e+01
1.780000000000000071e+01
1.887000000000000099e+01
1.140399999999999991e+01
1.001299999999999990e+01
2.064400000000000190e+01
2.218499999999999872e+01
1.780499999999999972e+01
1.516200000000000081e+01
1.590099999999999980e+01
1.632499999999999929e+01
2.283300000000000196e+01
2.244399999999999906e+01
1.426900000000000013e+01
1.814300000000000068e+01
1.403800000000000026e+01
1.594200000000000017e+01
1.179400000000000048e+01
1.553299999999999947e+01
2.297200000000000131e+01
1.888599999999999923e+01
1.474900000000000055e+01
2.396199999999999974e+01
1.200900000000000034e+01
1.682300000000000040e+01
1.478500000000000014e+01
2.436899999999999977e+01
2.083399999999999963e+01
1.627100000000000080e+01
3.092600000000000193e+01
1.061599999999999966e+01
1.521799999999999997e+01
1.897200000000000131e+01
2.306099999999999994e+01
1.332099999999999973e+01
3.793500000000000227e+01
1.347700000000000031e+01
3.050100000000000122e+01
4.521900000000000119e+01
1.277700000000000102e+01
1.709900000000000020e+01
2.656700000000000017e+01
1.440600000000000058e+01
2.428600000000000136e+01
1.665800000000000125e+01
2.656400000000000006e+01
1.233399999999999963e+01
3.328500000000000369e+01
2.567999999999999972e+01
1.373200000000000109e+01
2.811100000000000065e+01
2.543700000000000117e+01
2.982199999999999918e+01
1.610099999999999909e+01
3.602499999999999858e+01
1.294200000000000017e+01
1.523499999999999943e+01
1.753399999999999892e+01
1.107699999999999996e+01
1.395700000000000074e+01
1.498499999999999943e+01
1.363600000000000101e+01
2.031700000000000017e+01
1.321300000000000097e+01
2.040099999999999980e+01
1.339100000000000001e+01
2.975600000000000023e+01
6.130600000000000449e+01
1.601600000000000179e+01
3.667000000000000171e+01
1.617500000000000071e+01
1.344100000000000072e+01
2.772200000000000131e+01
3.128500000000000014e+01
1.221600000000000108e+01
1.539799999999999969e+01
1.552800000000000047e+01
1.557200000000000095e+01
1.234399999999999942e+01
2.656899999999999906e+01
1.181900000000000084e+01
1.673700000000000188e+01
4.174499999999999744e+01
2.531000000000000227e+01
1.750900000000000034e+01
2.326900000000000190e+01
5.591900000000000404e+01
1.425200000000000067e+01
1.563799999999999990e+01
1.996699999999999875e+01
1.536599999999999966e+01
2.602599999999999980e+01
1.390399999999999991e+01
1.946100000000000207e+01
1.619200000000000017e+01
1.275200000000000067e+01
3.156000000000000227e+01
1.926300000000000168e+01
1.398300000000000054e+01
1.307600000000000051e+01
1.463499999999999979e+01
1.763599999999999923e+01
1.541999999999999993e+01
9.852000000000000313e+00
1.721199999999999974e+01
2.232400000000000162e+01
1.775400000000000134e+01
2.625100000000000122e+01
1.508000000000000007e+01
3.771800000000000352e+01
1.995599999999999952e+01
1.634600000000000009e+01
1.368999999999999950e+01
1.537700000000000067e+01
1.164199999999999946e+01
1.489199999999999946e+01
1.248399999999999999e+01
1.672400000000000020e+01
1.553700000000000081e+01
2.724000000000000199e+01
1.541800000000000104e+01
1.877400000000000091e+01
2.077200000000000202e+01
2.065500000000000114e+01
2.159299999999999997e+01
1.717399999999999949e+01
1.280799999999999983e+01
1.402400000000000091e+01
3.003900000000000148e+01
1.850900000000000034e+01
1.365099999999999980e+01
1.343100000000000094e+01
2.139700000000000202e+01
1.167500000000000071e+01
3.988900000000000290e+01
1.603300000000000125e+01
1.155700000000000038e+01
1.912199999999999989e+01
1.737800000000000011e+01
2.464199999999999946e+01
2.057499999999999929e+01
1.946600000000000108e+01
1.177999999999999936e+01
2.312999999999999901e+01
1.273700000000000010e+01
1.474399999999999977e+01
1.579400000000000048e+01
2.645899999999999963e+01
3.986699999999999733e+01
2.283999999999999986e+01
1.959799999999999898e+01
1.808500000000000085e+01
2.446900000000000119e+01
1.286299999999999955e+01
1.263600000000000101e+01
2.531700000000000017e+01
1.436299999999999955e+01
1.415200000000000102e+01
1.242800000000000082e+01
3.094600000000000151e+01
3.505799999999999983e+01
1.676099999999999923e+01
1.868799999999999883e+01
1.249300000000000033e+01
1.034699999999999953e+01
1.547499999999999964e+01
1.723799999999999955e+01
2.370200000000000173e+01
1.275200000000000067e+01
3.288300000000000267e+01
1.576299999999999990e+01
2.568299999999999983e+01
1.399699999999999989e+01
2.471000000000000085e+01
1.733800000000000097e+01
1.515200000000000102e+01
2.720899999999999963e+01
2.513800000000000168e+01
2.089499999999999957e+01
2.717500000000000071e+01
1.667000000000000171e+01
1.140200000000000102e+01
1.702299999999999969e+01
1.849200000000000088e+01
1.486400000000000077e+01
3.166900000000000048e+01
2.515599999999999881e+01
2.378500000000000014e+01
1.707499999999999929e+01
1.548200000000000109e+01
2.775700000000000145e+01
1.084200000000000053e+01
1.745500000000000185e+01
2.109400000000000119e+01
1.650000000000000000e+01
1.366500000000000092e+01
1.397300000000000075e+01
1.746699999999999875e+01
1.913800000000000168e+01
1.967699999999999960e+01
1.280700000000000038e+01
1.304800000000000004e+01
2.362900000000000134e+01
1.374800000000000111e+01
2.265000000000000213e+01
1.163199999999999967e+01
1.343500000000000050e+01
2.240599999999999881e+01
1.815800000000000125e+01
1.788700000000000045e+01
1.492399999999999949e+01
1.709400000000000119e+01
2.182100000000000151e+01
1.505900000000000105e+01
1.358600000000000030e+01
1.023900000000000077e+01
6.241900000000000404e+01
1.354000000000000092e+01
1.517600000000000016e+01
1.478899999999999970e+01
1.587000000000000099e+01
1.784499999999999886e+01
1.215099999999999980e+01
2.209499999999999886e+01
2.667399999999999949e+01
1.198700000000000010e+01
1.562000000000000099e+01
2.273900000000000077e+01
2.261599999999999966e+01
1.441800000000000104e+01
1.368700000000000117e+01
1.950300000000000011e+01
1.648799999999999955e+01
1.599800000000000111e+01
1.449399999999999977e+01
2.198400000000000176e+01
1.521199999999999974e+01
2.574699999999999989e+01
1.801600000000000179e+01
2.195299999999999940e+01
2.115700000000000003e+01
1.393700000000000117e+01
1.606500000000000128e+01
1.552400000000000091e+01
2.108200000000000074e+01
2.112699999999999889e+01
1.648100000000000165e+01
1.969999999999999929e+01
1.656800000000000139e+01
1.394100000000000072e+01
1.840899999999999892e+01
2.586500000000000199e+01
1.973700000000000188e+01
1.731400000000000006e+01
1.994000000000000128e+01
1.796499999999999986e+01
1.780699999999999861e+01
2.071499999999999986e+01
1.563900000000000112e+01
1.958099999999999952e+01
1.541200000000000081e+01
1.449800000000000111e+01
1.478700000000000081e+01
1.514799999999999969e+01
1.503200000000000003e+01
1.352700000000000102e+01
1.904700000000000060e+01
1.323700000000000010e+01
2.106400000000000006e+01
2.297400000000000020e+01
1.693199999999999861e+01
1.950400000000000134e+01
2.982000000000000028e+01
1.404100000000000037e+01
1.419299999999999962e+01
1.214900000000000091e+01
1.934299999999999997e+01
1.639199999999999946e+01
1.342699999999999960e+01
1.490700000000000003e+01
2.599000000000000199e+01
2.578699999999999903e+01
2.045800000000000196e+01
1.720800000000000196e+01
1.199200000000000088e+01
2.917800000000000082e+01
1.967500000000000071e+01
1.315200000000000102e+01
1.941799999999999926e+01
1.266600000000000037e+01
1.403100000000000058e+01
3.000199999999999889e+01
1.526600000000000001e+01
1.099600000000000044e+01
1.374500000000000099e+01
2.256099999999999994e+01
2.401000000000000156e+01
2.869800000000000040e+01
2.189000000000000057e+01
2.479800000000000182e+01
2.612000000000000099e+01
1.877899999999999991e+01
1.385899999999999999e+01
1.193299999999999983e+01
2.078999999999999915e+01
1.291900000000000048e+01
1.692600000000000193e+01
1.641199999999999903e+01
3.217099999999999937e+01
1.644099999999999895e+01
1.961500000000000199e+01
2.512199999999999989e+01
1.323399999999999999e+01
2.897100000000000009e+01
2.080700000000000216e+01
4.496999999999999886e+01
1.319599999999999973e+01
3.459400000000000119e+01
1.629700000000000060e+01
2.280199999999999960e+01
3.241600000000000392e+01
1.887099999999999866e+01
1.215200000000000102e+01
1.133999999999999986e+01
2.260200000000000031e+01
1.469500000000000028e+01
1.891400000000000148e+01
1.333200000000000074e+01
3.511999999999999744e+01
2.094000000000000128e+01
1.409900000000000020e+01
1.665700000000000003e+01
1.332799999999999940e+01
3.971800000000000352e+01
3.048700000000000188e+01
1.514900000000000091e+01
1.828800000000000026e+01
2.203000000000000114e+01
1.266500000000000092e+01
1.986100000000000065e+01
2.398199999999999932e+01
1.472499999999999964e+01
2.370500000000000185e+01
1.037199999999999989e+01
1.992200000000000060e+01
1.403200000000000003e+01
2.097899999999999920e+01
2.579200000000000159e+01
2.107900000000000063e+01
1.338000000000000078e+01
2.825900000000000034e+01
1.400800000000000090e+01
1.009299999999999997e+01
1.102500000000000036e+01
1.237000000000000099e+01
1.727599999999999980e+01
1.831099999999999994e+01
1.239400000000000013e+01
1.392600000000000016e+01
1.458300000000000018e+01
1.605300000000000082e+01
1.776699999999999946e+01
2.640700000000000003e+01
1.526600000000000001e+01
1.412199999999999989e+01
1.700199999999999889e+01
3.086899999999999977e+01
1.461299999999999955e+01
1.247100000000000009e+01
3.365200000000000102e+01
5.223600000000000421e+01
2.266600000000000037e+01
1.944300000000000139e+01
3.406499999999999773e+01
2.773799999999999955e+01
1.693400000000000105e+01
1.482399999999999984e+01
1.350399999999999956e+01
1.299800000000000111e+01
1.621799999999999997e+01
1.375500000000000078e+01
1.283800000000000097e+01
2.410300000000000153e+01
1.276400000000000112e+01
1.991799999999999926e+01
2.450900000000000034e+01
2.518599999999999994e+01
1.878600000000000136e+01
1.349200000000000088e+01
2.143200000000000216e+01
1.240500000000000114e+01
1.596400000000000041e+01
1.734799999999999898e+01
2.444699999999999918e+01
1.217099999999999937e+01
1.772200000000000131e+01
2.598499999999999943e+01
2.487399999999999878e+01
1.893200000000000216e+01
2.092600000000000193e+01
2.315800000000000125e+01
1.875400000000000134e+01
2.353300000000000125e+01
1.195800000000000018e+01
1.420899999999999963e+01
1.426600000000000001e+01
1.159299999999999997e+01
1.308099999999999952e+01
1.280600000000000094e+01
1.786299999999999955e+01
1.832100000000000151e+01
1.474900000000000055e+01
1.615800000000000125e+01
1.399200000000000088e+01
1.302599999999999980e+01
2.180499999999999972e+01
1.548399999999999999e+01
1.846900000000000119e+01
1.324099999999999966e+01
2.346799999999999997e+01
2.222500000000000142e+01
1.906800000000000139e+01
1.925300000000000011e+01
1.718400000000000105e+01
2.080900000000000105e+01
2.095100000000000051e+01
1.887699999999999889e+01
1.923600000000000065e+01
1.691700000000000159e+01
1.245599999999999952e+01
2.760000000000000142e+01
1.593400000000000105e+01
2.341600000000000037e+01
2.887500000000000000e+01
2.715399999999999991e+01
2.326800000000000068e+01
1.881599999999999895e+01
2.086200000000000188e+01
2.454700000000000060e+01
1.573399999999999999e+01
1.870899999999999963e+01
2.433699999999999974e+01
2.006899999999999906e+01
1.550999999999999979e+01
2.881700000000000017e+01
3.518099999999999739e+01
1.349900000000000055e+01
2.755000000000000071e+01
2.422700000000000031e+01
1.662699999999999889e+01
2.322599999999999909e+01
1.378800000000000026e+01
2.421799999999999997e+01
2.114199999999999946e+01
3.410500000000000398e+01
1.296700000000000053e+01
1.878500000000000014e+01
1.492500000000000071e+01
3.099600000000000222e+01
1.695400000000000063e+01
1.403500000000000014e+01
2.220400000000000063e+01
2.400600000000000023e+01
2.772200000000000131e+01
1.598300000000000054e+01
1.427599999999999980e+01
1.581000000000000050e+01
1.441399999999999970e+01
2.594500000000000028e+01
1.316900000000000048e+01
1.290600000000000058e+01
2.500799999999999912e+01
1.521199999999999974e+01
1.260299999999999976e+01
1.687800000000000011e+01
2.802599999999999980e+01
1.691600000000000037e+01
4.914099999999999824e+01
1.658600000000000207e+01
2.113599999999999923e+01
2.847800000000000153e+01
2.073199999999999932e+01
1.492500000000000071e+01
2.241100000000000136e+01
1.280600000000000094e+01
1.194100000000000072e+01
2.366900000000000048e+01
1.586299999999999955e+01
1.326800000000000068e+01
1.830999999999999872e+01
2.953800000000000026e+01
1.626500000000000057e+01
1.382699999999999996e+01
1.860600000000000165e+01
1.448200000000000109e+01
1.461400000000000077e+01
1.077100000000000080e+01
1.702499999999999858e+01
1.023700000000000010e+01
1.346600000000000108e+01
1.327599999999999980e+01
2.393299999999999983e+01
1.776200000000000045e+01
1.545000000000000107e+01
1.322700000000000031e+01
2.134400000000000119e+01
2.952200000000000202e+01
2.096000000000000085e+01
1.187700000000000067e+01
2.513500000000000156e+01
1.561299999999999955e+01
1.070000000000000107e+01
2.394800000000000040e+01
1.316300000000000026e+01
1.218800000000000061e+01
2.733300000000000196e+01
1.353500000000000014e+01
1.731500000000000128e+01
2.942699999999999960e+01
3.500999999999999801e+01
3.165200000000000102e+01
1.079499999999999993e+01
3.034799999999999898e+01
1.416200000000000081e+01
1.796000000000000085e+01
1.393500000000000050e+01
2.531400000000000006e+01
2.212199999999999989e+01
1.190499999999999936e+01
2.520700000000000074e+01
1.393900000000000006e+01
1.406499999999999950e+01
1.803999999999999915e+01
1.748600000000000065e+01
1.588799999999999990e+01
1.478899999999999970e+01
1.682100000000000151e+01
1.771399999999999864e+01
1.428200000000000003e+01
1.807400000000000162e+01
3.382900000000000063e+01
1.789499999999999957e+01
2.213800000000000168e+01
4.310200000000000387e+01
1.310599999999999987e+01
1.615099999999999980e+01
1.160700000000000109e+01
1.378800000000000026e+01
1.452800000000000047e+01
1.880600000000000094e+01
1.616700000000000159e+01
4.137599999999999767e+01
1.995899999999999963e+01
1.415300000000000047e+01
1.259500000000000064e+01
3.045800000000000196e+01
1.993100000000000094e+01
1.363799999999999990e+01
1.169100000000000072e+01
1.076100000000000101e+01
1.258500000000000085e+01
9.993000000000000327e+00
1.767800000000000082e+01
2.001900000000000190e+01
1.668499999999999872e+01
1.306499999999999950e+01
1.760399999999999920e+01
1.292800000000000082e+01
1.348399999999999999e+01
2.874399999999999977e+01
1.260400000000000098e+01
3.173199999999999932e+01
1.523700000000000010e+01
2.188500000000000156e+01
2.152200000000000202e+01
2.917999999999999972e+01
1.823600000000000065e+01
1.231000000000000050e+01
2.154400000000000048e+01
3.287199999999999989e+01
2.791000000000000014e+01
2.547100000000000009e+01
2.735399999999999920e+01
2.311400000000000077e+01
1.535400000000000098e+01
2.371199999999999974e+01
1.130799999999999983e+01
1.339499999999999957e+01
1.727799999999999869e+01
1.658399999999999963e+01
2.340599999999999881e+01
1.303599999999999959e+01
2.065599999999999881e+01
2.216400000000000148e+01
4.082800000000000296e+01
1.547100000000000009e+01
1.536400000000000077e+01
1.332699999999999996e+01
1.830799999999999983e+01
1.530600000000000094e+01
1.743900000000000006e+01
1.437300000000000111e+01
1.178800000000000026e+01
3.533200000000000074e+01
1.885000000000000142e+01
2.036599999999999966e+01
1.497600000000000087e+01
3.091400000000000148e+01
3.733500000000000085e+01
1.276500000000000057e+01
2.025900000000000034e+01
1.542600000000000016e+01
2.145299999999999940e+01
1.286800000000000033e+01
1.478200000000000003e+01
2.885900000000000176e+01
1.234800000000000075e+01
1.223799999999999955e+01
1.853300000000000125e+01
1.422799999999999976e+01
1.724200000000000088e+01
2.772299999999999898e+01
1.700600000000000023e+01
2.281599999999999895e+01
1.517300000000000004e+01
1.171400000000000041e+01
1.307399999999999984e+01
2.166400000000000148e+01
1.132099999999999973e+01
1.632900000000000063e+01
2.750799999999999912e+01
2.419600000000000151e+01
1.858899999999999864e+01
2.093200000000000216e+01
1.453200000000000003e+01
1.465099999999999980e+01
3.927199999999999847e+01
2.307000000000000028e+01
1.450699999999999967e+01
1.455900000000000105e+01
2.752599999999999980e+01
2.699699999999999989e+01
1.557900000000000063e+01
1.419800000000000040e+01
2.118499999999999872e+01
1.683399999999999963e+01
1.771999999999999886e+01
1.393200000000000038e+01
1.391600000000000037e+01
1.544200000000000017e+01
1.595400000000000063e+01
2.565200000000000102e+01
1.309800000000000075e+01
1.566600000000000037e+01
1.256499999999999950e+01
1.752500000000000213e+01
1.764900000000000091e+01
1.397499999999999964e+01
1.624500000000000099e+01
1.472100000000000009e+01
1.314499999999999957e+01
2.007700000000000173e+01
2.780199999999999960e+01
3.566900000000000404e+01
2.151800000000000068e+01
2.162100000000000222e+01
9.625000000000000000e+00
1.066200000000000081e+01
9.580999999999999517e+00
2.065299999999999869e+01
4.716499999999999915e+01
1.188400000000000034e+01
2.187500000000000000e+01
1.164300000000000068e+01
1.651600000000000179e+01
1.315200000000000102e+01
1.647800000000000153e+01
1.303400000000000070e+01
2.782700000000000173e+01
2.237600000000000122e+01
1.588300000000000090e+01
1.345800000000000018e+01
1.946999999999999886e+01
1.362400000000000055e+01
2.412600000000000122e+01
1.290700000000000003e+01
1.472300000000000075e+01
2.149899999999999878e+01
1.610699999999999932e+01
1.254499999999999993e+01
2.323600000000000065e+01
1.098000000000000043e+01
1.372600000000000087e+01
1.542399999999999949e+01
1.878600000000000136e+01
1.508000000000000007e+01
1.582000000000000028e+01
1.871399999999999864e+01
1.488799999999999990e+01
2.059700000000000131e+01
1.296499999999999986e+01
9.817999999999999616e+00
1.633699999999999974e+01
1.794200000000000017e+01
1.375699999999999967e+01
1.207099999999999973e+01
2.587600000000000122e+01
1.318900000000000006e+01
1.106000000000000050e+01
1.234299999999999997e+01
2.065500000000000114e+01
1.174600000000000044e+01
3.299099999999999966e+01
1.324900000000000055e+01
3.290200000000000102e+01
2.303500000000000014e+01
1.598900000000000077e+01
1.801600000000000179e+01
1.436800000000000033e+01
1.808399999999999963e+01
1.653900000000000148e+01
1.256300000000000061e+01
2.469999999999999929e+01
1.857000000000000028e+01
2.733999999999999986e+01
1.707199999999999918e+01
1.228400000000000070e+01
2.061700000000000088e+01
1.091600000000000037e+01
1.229899999999999949e+01
2.462900000000000134e+01
1.213900000000000112e+01
3.236100000000000421e+01
1.804100000000000037e+01
2.130300000000000082e+01
1.578899999999999970e+01
2.506400000000000006e+01
1.179000000000000092e+01
1.850000000000000000e+01
1.444400000000000084e+01
1.928800000000000026e+01
1.615500000000000114e+01
2.441199999999999903e+01
1.763599999999999923e+01
1.968100000000000094e+01
1.907499999999999929e+01
2.807100000000000151e+01
1.845800000000000196e+01
1.703800000000000026e+01
1.941700000000000159e+01
1.257099999999999973e+01
3.061299999999999955e+01
4.466400000000000148e+01
2.888800000000000168e+01
2.087699999999999889e+01
2.220200000000000173e+01
1.420800000000000018e+01
1.968200000000000216e+01
1.490200000000000102e+01
1.285400000000000098e+01
1.579400000000000048e+01
1.367800000000000082e+01
1.573799999999999955e+01
1.792500000000000071e+01
1.280700000000000038e+01
1.337500000000000000e+01
1.348300000000000054e+01
1.501400000000000112e+01
1.223300000000000054e+01
1.207799999999999940e+01
3.945400000000000063e+01
2.500900000000000034e+01
2.657900000000000063e+01
1.579100000000000037e+01
3.521000000000000085e+01
1.526699999999999946e+01
1.486500000000000021e+01
2.160099999999999909e+01
1.131600000000000072e+01
1.906400000000000006e+01
1.274900000000000055e+01
1.603699999999999903e+01
1.482900000000000063e+01
1.328599999999999959e+01
1.344100000000000072e+01
3.451700000000000301e+01
1.735900000000000176e+01
1.445800000000000018e+01
1.646100000000000207e+01
1.449800000000000111e+01
1.574000000000000021e+01
2.683500000000000085e+01
1.364100000000000001e+01
2.368499999999999872e+01
2.522700000000000031e+01
3.115700000000000003e+01
1.974200000000000088e+01
2.394800000000000040e+01
3.364699999999999847e+01
2.688800000000000168e+01
1.151299999999999990e+01
1.217900000000000027e+01
1.479499999999999993e+01
1.563300000000000090e+01
1.161899999999999977e+01
1.414900000000000091e+01
1.160400000000000098e+01
1.319100000000000072e+01
1.672500000000000142e+01
1.762699999999999889e+01
1.528899999999999970e+01
1.598900000000000077e+01
1.893799999999999883e+01
1.222499999999999964e+01
1.585500000000000043e+01
3.023499999999999943e+01
1.848300000000000054e+01
1.339900000000000091e+01
1.753999999999999915e+01
1.238300000000000090e+01
1.308500000000000085e+01
2.034299999999999997e+01
1.934299999999999997e+01
1.762399999999999878e+01
9.848000000000000753e+00
1.784499999999999886e+01
1.377500000000000036e+01
1.713700000000000045e+01
1.842500000000000071e+01
1.496700000000000053e+01
1.631400000000000006e+01
1.632100000000000151e+01
2.102299999999999969e+01
1.854599999999999937e+01
1.753500000000000014e+01
1.302200000000000024e+01
1.139499999999999957e+01
3.234300000000000352e+01
2.310300000000000153e+01
2.623300000000000054e+01
1.835200000000000031e+01
2.196600000000000108e+01
1.512599999999999945e+01
1.398300000000000054e+01
1.734400000000000119e+01
1.525699999999999967e+01
1.348900000000000077e+01
2.642300000000000182e+01
1.349500000000000099e+01
2.640399999999999991e+01
1.641600000000000037e+01
1.291699999999999982e+01
1.479000000000000092e+01
1.888700000000000045e+01
1.980000000000000071e+01
2.780199999999999960e+01
1.628800000000000026e+01
1.488799999999999990e+01
1.622899999999999920e+01
1.754700000000000060e+01
1.733300000000000196e+01
2.429899999999999949e+01
1.388700000000000045e+01
1.298399999999999999e+01
1.594800000000000040e+01
2.118700000000000117e+01
1.870599999999999952e+01
1.507600000000000051e+01
1.103899999999999970e+01
1.758099999999999952e+01
1.461299999999999955e+01
1.214600000000000080e+01
3.342499999999999716e+01
1.583800000000000097e+01
1.591699999999999982e+01
1.216900000000000048e+01
1.522199999999999953e+01
1.274000000000000021e+01
2.247899999999999920e+01
1.438400000000000034e+01
2.333200000000000074e+01
3.247200000000000131e+01
2.319000000000000128e+01
1.453899999999999970e+01
1.703699999999999903e+01
1.364400000000000013e+01
1.568999999999999950e+01
1.397100000000000009e+01
1.882000000000000028e+01
1.875900000000000034e+01
1.273900000000000077e+01
1.280700000000000038e+01
1.230799999999999983e+01
1.678699999999999903e+01
1.467100000000000115e+01
1.309500000000000064e+01
2.021600000000000108e+01
1.576800000000000068e+01
9.394000000000000128e+00
1.024000000000000021e+01
1.916600000000000037e+01
1.353400000000000070e+01
1.110599999999999987e+01
1.193500000000000050e+01
1.627899999999999991e+01
1.115000000000000036e+01
9.790000000000000924e+00
1.917099999999999937e+01
1.715099999999999980e+01
1.826300000000000168e+01
1.538499999999999979e+01
1.605900000000000105e+01
1.684499999999999886e+01
1.030799999999999983e+01
1.725300000000000011e+01
2.903100000000000236e+01
1.707300000000000040e+01
1.689999999999999858e+01
2.841900000000000048e+01
3.855000000000000426e+01
1.567999999999999972e+01
2.040899999999999892e+01
2.276500000000000057e+01
2.128399999999999892e+01
2.216900000000000048e+01
2.082100000000000151e+01
1.682400000000000162e+01
1.962600000000000122e+01
1.387400000000000055e+01
1.734799999999999898e+01
1.738899999999999935e+01
1.401600000000000001e+01
1.464100000000000001e+01
3.114100000000000179e+01
1.791900000000000048e+01
1.790200000000000102e+01
1.024099999999999966e+01
1.689100000000000179e+01
2.268799999999999883e+01
3.565100000000000335e+01
2.116000000000000014e+01
1.330700000000000038e+01
1.323499999999999943e+01
2.243599999999999994e+01
2.510099999999999909e+01
1.135100000000000087e+01
1.240099999999999980e+01
1.702700000000000102e+01
1.804899999999999949e+01
2.077500000000000213e+01
1.612199999999999989e+01
2.606099999999999994e+01
1.856700000000000017e+01
2.546300000000000097e+01
1.832000000000000028e+01
1.630199999999999960e+01
1.149699999999999989e+01
3.047299999999999898e+01
2.415800000000000125e+01
1.408099999999999952e+01
1.428000000000000114e+01
1.556499999999999950e+01
1.652299999999999969e+01
1.125200000000000067e+01
1.108800000000000097e+01
1.868700000000000117e+01
2.519900000000000162e+01
1.705400000000000205e+01
1.809299999999999997e+01
4.432800000000000296e+01
1.524300000000000033e+01
1.983699999999999974e+01
1.783200000000000074e+01
1.590099999999999980e+01
1.632400000000000162e+01
1.361700000000000088e+01
2.486500000000000199e+01
2.116900000000000048e+01
2.921900000000000119e+01
1.839499999999999957e+01
1.963200000000000145e+01
2.333099999999999952e+01
1.357500000000000107e+01
1.756800000000000139e+01
2.250499999999999901e+01
1.639300000000000068e+01
1.439199999999999946e+01
1.305799999999999983e+01
1.928399999999999892e+01
2.027700000000000102e+01
2.901399999999999935e+01
2.279500000000000171e+01
1.362100000000000044e+01
1.206900000000000084e+01
1.741199999999999903e+01
2.236200000000000188e+01
2.158200000000000074e+01
1.586800000000000033e+01
2.421400000000000219e+01
1.510899999999999999e+01
3.555400000000000205e+01
1.558600000000000030e+01
1.511899999999999977e+01
1.553899999999999970e+01
1.790800000000000125e+01
1.993299999999999983e+01
1.454400000000000048e+01
2.427899999999999991e+01
1.336299999999999955e+01
1.402800000000000047e+01
1.646199999999999974e+01
1.283000000000000007e+01
1.624399999999999977e+01
1.919399999999999906e+01
1.842999999999999972e+01
9.697000000000000952e+00
1.166300000000000026e+01
1.879800000000000182e+01
1.996900000000000119e+01
1.892399999999999949e+01
1.470000000000000107e+01
1.377299999999999969e+01
1.437300000000000111e+01
2.685999999999999943e+01
2.447500000000000142e+01
1.768199999999999861e+01
1.452500000000000036e+01
1.457200000000000095e+01
1.983399999999999963e+01
1.162800000000000011e+01
3.747899999999999920e+01
1.553800000000000026e+01
3.075600000000000023e+01
1.326900000000000013e+01
1.460299999999999976e+01
1.221000000000000085e+01
2.149500000000000099e+01
1.358999999999999986e+01
1.793799999999999883e+01
3.818699999999999761e+01
2.229899999999999949e+01
1.264499999999999957e+01
1.349300000000000033e+01
1.924200000000000088e+01
2.911100000000000065e+01
1.867099999999999937e+01
1.605100000000000193e+01
1.916199999999999903e+01
1.231600000000000072e+01
1.143500000000000050e+01
2.114300000000000068e+01
1.620599999999999952e+01
1.256499999999999950e+01
1.896199999999999974e+01
9.929000000000000270e+00
3.369400000000000261e+01
2.151500000000000057e+01
1.212700000000000067e+01
1.041699999999999982e+01
1.338700000000000045e+01
1.593100000000000094e+01
1.733899999999999864e+01
1.447499999999999964e+01
1.963299999999999912e+01
1.385100000000000087e+01
1.527200000000000024e+01
1.169500000000000028e+01
2.212699999999999889e+01
1.427800000000000047e+01
1.779500000000000171e+01
1.503800000000000026e+01
1.218800000000000061e+01
2.571999999999999886e+01
2.730600000000000094e+01
1.360599999999999987e+01
1.124900000000000055e+01
1.304100000000000037e+01
2.343400000000000105e+01
1.257699999999999996e+01
3.076300000000000168e+01
1.215700000000000003e+01
1.643199999999999861e+01
1.936299999999999955e+01
1.576900000000000013e+01
2.436800000000000210e+01
1.600600000000000023e+01
1.140900000000000070e+01
1.337199999999999989e+01
1.839199999999999946e+01
1.339799999999999969e+01
1.527899999999999991e+01
1.621300000000000097e+01
1.292500000000000071e+01
1.401900000000000013e+01
4.872800000000000153e+01
2.054800000000000182e+01
1.815099999999999980e+01
2.264400000000000190e+01
1.717699999999999960e+01
1.493900000000000006e+01
1.221199999999999974e+01
1.182500000000000107e+01
2.560300000000000153e+01
2.230700000000000216e+01
3.532399999999999807e+01
2.388599999999999923e+01
9.842000000000000526e+00
1.328200000000000003e+01
1.679400000000000048e+01
2.377299999999999969e+01
1.384699999999999953e+01
1.509299999999999997e+01
1.412300000000000111e+01
1.397199999999999953e+01
1.414499999999999957e+01
2.102100000000000080e+01
2.189799999999999969e+01
1.596400000000000041e+01
2.145599999999999952e+01
1.651399999999999935e+01
1.232600000000000051e+01
1.173900000000000077e+01
1.207500000000000107e+01
2.018799999999999883e+01
1.130300000000000082e+01
1.500600000000000023e+01
1.689600000000000080e+01
1.495199999999999996e+01
1.839499999999999957e+01
2.955600000000000094e+01
1.065300000000000047e+01
2.212399999999999878e+01
2.694500000000000028e+01
2.816400000000000148e+01
1.828699999999999903e+01
1.849899999999999878e+01
1.301699999999999946e+01
2.773100000000000165e+01
2.642099999999999937e+01
2.254500000000000171e+01
1.521900000000000119e+01
1.276299999999999990e+01
1.748300000000000054e+01
1.876000000000000156e+01
2.857799999999999940e+01
1.838500000000000156e+01
1.709100000000000108e+01
1.922100000000000009e+01
2.458000000000000185e+01
1.480900000000000105e+01
1.305000000000000071e+01
2.676099999999999923e+01
1.736200000000000188e+01
2.553000000000000114e+01
2.379599999999999937e+01
1.147499999999999964e+01
1.294800000000000040e+01
2.090599999999999881e+01
2.326999999999999957e+01
1.993100000000000094e+01
1.270800000000000018e+01
1.527500000000000036e+01
2.223700000000000188e+01
2.078399999999999892e+01
1.615599999999999881e+01
1.721399999999999864e+01
1.325699999999999967e+01
2.688200000000000145e+01
1.166999999999999993e+01
2.883999999999999986e+01
1.201200000000000045e+01
1.431300000000000061e+01
2.739700000000000202e+01
1.459500000000000064e+01
2.923600000000000065e+01
1.306199999999999939e+01
1.581900000000000084e+01
5.494599999999999795e+01
1.248399999999999999e+01
1.947100000000000009e+01
1.306400000000000006e+01
2.914700000000000202e+01
2.343499999999999872e+01
1.952700000000000102e+01
1.976900000000000190e+01
1.506499999999999950e+01
2.159299999999999997e+01
1.499699999999999989e+01
2.321600000000000108e+01
3.677900000000000347e+01
1.097900000000000098e+01
2.696700000000000230e+01
3.187000000000000099e+01
2.065399999999999991e+01
2.166300000000000026e+01
1.749500000000000099e+01
2.530400000000000205e+01
1.894000000000000128e+01
1.542699999999999960e+01
1.433099999999999952e+01
2.454400000000000048e+01
1.942900000000000205e+01
1.989799999999999969e+01
1.480900000000000105e+01
1.345299999999999940e+01
2.868100000000000094e+01
1.113300000000000090e+01
1.413600000000000101e+01
1.707900000000000063e+01
3.239500000000000313e+01
1.897800000000000153e+01
3.183200000000000074e+01
1.390799999999999947e+01
1.901399999999999935e+01
1.662900000000000134e+01
2.056899999999999906e+01
2.132900000000000063e+01
2.269200000000000017e+01
1.905000000000000071e+01
2.126300000000000168e+01
3.927900000000000347e+01
1.367699999999999960e+01
1.180799999999999983e+01
1.553899999999999970e+01
1.105900000000000105e+01
1.927299999999999969e+01
1.865599999999999881e+01
2.376200000000000045e+01
1.153200000000000003e+01
1.575800000000000090e+01
2.506400000000000006e+01
1.372900000000000098e+01
2.665500000000000114e+01
1.690099999999999980e+01
1.175900000000000034e+01
1.768499999999999872e+01
2.105900000000000105e+01
2.410500000000000043e+01
2.229599999999999937e+01
2.302299999999999969e+01
1.344899999999999984e+01
1.623400000000000176e+01
2.212500000000000000e+01
1.726699999999999946e+01
1.645100000000000051e+01
1.499200000000000088e+01
2.042399999999999949e+01
1.214199999999999946e+01
1.181499999999999950e+01
1.330100000000000016e+01
2.120400000000000063e+01
2.640800000000000125e+01
2.255700000000000216e+01
1.273600000000000065e+01
1.608000000000000185e+01
1.443999999999999950e+01
1.358399999999999963e+01
1.361100000000000065e+01
1.653399999999999892e+01
1.508800000000000097e+01
1.375600000000000023e+01
1.785099999999999909e+01
2.415399999999999991e+01
1.336200000000000010e+01
1.632400000000000162e+01
2.042300000000000182e+01
2.531800000000000139e+01
2.410600000000000165e+01
2.404700000000000060e+01
5.024799999999999756e+01
1.851200000000000045e+01
3.312100000000000222e+01
1.602499999999999858e+01
1.114499999999999957e+01
1.603999999999999915e+01
1.472400000000000020e+01
1.117999999999999972e+01
1.633699999999999974e+01
1.853300000000000125e+01
2.521900000000000119e+01
1.148700000000000010e+01
2.124500000000000099e+01
1.341099999999999959e+01
1.968299999999999983e+01
1.329000000000000092e+01
2.059400000000000119e+01
1.287500000000000000e+01
1.899000000000000199e+01
2.568299999999999983e+01
1.423200000000000109e+01
1.875799999999999912e+01
1.570199999999999996e+01
2.305700000000000216e+01
2.261599999999999966e+01
1.642600000000000193e+01
1.142500000000000071e+01
1.804200000000000159e+01
1.305499999999999972e+01
1.450600000000000023e+01
1.909199999999999875e+01
2.445100000000000051e+01
1.299900000000000055e+01
1.337100000000000044e+01
2.072899999999999920e+01
1.724899999999999878e+01
1.398200000000000109e+01
2.369999999999999929e+01
1.716300000000000026e+01
2.367800000000000082e+01
1.727899999999999991e+01
2.673799999999999955e+01
1.885699999999999932e+01
1.378500000000000014e+01
1.083800000000000097e+01
1.275000000000000000e+01
1.803399999999999892e+01
1.057000000000000028e+01
2.246900000000000119e+01
2.897400000000000020e+01
2.586599999999999966e+01
2.235800000000000054e+01
2.019500000000000028e+01
1.418700000000000117e+01
2.780100000000000193e+01
1.399200000000000088e+01
2.069300000000000139e+01
2.312199999999999989e+01
1.353000000000000114e+01
1.425000000000000000e+01
1.276100000000000101e+01
1.575300000000000011e+01
3.025199999999999889e+01
2.896799999999999997e+01
1.450600000000000023e+01
2.841400000000000148e+01
1.480199999999999960e+01
2.110699999999999932e+01
1.317200000000000060e+01
1.365200000000000102e+01
1.669699999999999918e+01
1.268299999999999983e+01
3.554299999999999926e+01
1.634700000000000131e+01
1.831200000000000117e+01
2.011500000000000199e+01
1.693199999999999861e+01
2.463500000000000156e+01
1.847700000000000031e+01
2.654899999999999949e+01
3.147599999999999909e+01
2.323799999999999955e+01
2.150799999999999912e+01
1.757000000000000028e+01
1.862300000000000111e+01
2.040800000000000125e+01
1.742300000000000182e+01
2.155199999999999960e+01
1.738200000000000145e+01
1.568800000000000061e+01
1.093200000000000038e+01
1.479400000000000048e+01
2.083399999999999963e+01
1.547100000000000009e+01
3.022700000000000031e+01
1.683099999999999952e+01
1.542600000000000016e+01
1.617300000000000182e+01
2.305600000000000094e+01
1.207099999999999973e+01
1.211200000000000010e+01
1.678600000000000136e+01
1.105400000000000027e+01
2.579200000000000159e+01
1.528400000000000070e+01
2.085500000000000043e+01
1.085999999999999943e+01
5.075600000000000023e+01
2.174000000000000199e+01
1.081600000000000072e+01
1.214799999999999969e+01
8.948999999999999844e+00
2.686200000000000188e+01
1.252200000000000024e+01
3.089799999999999969e+01
2.553399999999999892e+01
1.498499999999999943e+01
1.630100000000000193e+01
3.555199999999999960e+01
3.888000000000000256e+01
1.405700000000000038e+01
1.152700000000000102e+01
1.273099999999999987e+01
1.281799999999999962e+01
2.339300000000000068e+01
1.290099999999999980e+01
2.119500000000000028e+01
3.142099999999999937e+01
2.149800000000000111e+01
2.288299999999999912e+01
1.061700000000000088e+01
1.299800000000000111e+01
1.491999999999999993e+01
1.553400000000000070e+01
1.435200000000000031e+01
1.735500000000000043e+01
1.655300000000000082e+01
1.930400000000000205e+01
2.327500000000000213e+01
3.566100000000000136e+01
2.030199999999999960e+01
1.342600000000000016e+01
1.965800000000000125e+01
1.207500000000000107e+01
3.241199999999999903e+01
1.421600000000000108e+01
3.058000000000000185e+01
3.110200000000000031e+01
1.160599999999999987e+01
3.385300000000000153e+01
2.629700000000000060e+01
1.022799999999999976e+01
1.062500000000000000e+01
1.456499999999999950e+01
1.336800000000000033e+01
2.663299999999999912e+01
1.261400000000000077e+01
1.908999999999999986e+01
1.351400000000000112e+01
1.399500000000000099e+01
2.655799999999999983e+01
1.327299999999999969e+01
2.312900000000000134e+01
3.078399999999999892e+01
1.647400000000000020e+01
2.556099999999999994e+01
2.023600000000000065e+01
1.292600000000000016e+01
2.745400000000000063e+01
1.353899999999999970e+01
2.107499999999999929e+01
1.682199999999999918e+01
2.725199999999999889e+01
2.263500000000000156e+01
1.396100000000000030e+01
1.375200000000000067e+01
1.301999999999999957e+01
1.268900000000000006e+01
2.266900000000000048e+01
2.766300000000000026e+01
2.099599999999999866e+01
1.476800000000000068e+01
1.426900000000000013e+01
2.884299999999999997e+01
1.701300000000000168e+01
2.269300000000000139e+01
1.480400000000000027e+01
1.258600000000000030e+01
1.459100000000000108e+01
1.387300000000000111e+01
1.611299999999999955e+01
1.271199999999999974e+01
2.096100000000000207e+01
2.967800000000000082e+01
1.414499999999999957e+01
2.083999999999999986e+01
1.288100000000000023e+01
2.302100000000000080e+01
1.665599999999999881e+01
1.194899999999999984e+01
1.883699999999999974e+01
1.634299999999999997e+01
1.602700000000000102e+01
2.008000000000000185e+01
3.827900000000000347e+01
1.815599999999999881e+01
2.379899999999999949e+01
2.597700000000000031e+01
1.257900000000000063e+01
1.492100000000000115e+01
2.201600000000000179e+01
1.354600000000000115e+01
2.980700000000000216e+01
9.903000000000000469e+00
2.244800000000000040e+01
2.638899999999999935e+01
2.406800000000000139e+01
2.177500000000000213e+01
2.146199999999999974e+01
2.497599999999999909e+01
2.003200000000000003e+01
2.288500000000000156e+01
2.553900000000000148e+01
1.928000000000000114e+01
1.669999999999999929e+01
1.633200000000000074e+01
2.546400000000000219e+01
1.050200000000000067e+01
1.406400000000000006e+01
3.188100000000000023e+01
1.637600000000000122e+01
1.475300000000000011e+01
1.542300000000000004e+01
