# lp/w = 1.5
# Pf/Ps = 2.0
# G = 1.0
# target = 10
# success rate = 100.0
1.108699999999999974e+01
2.235900000000000176e+01
2.003399999999999892e+01
1.387899999999999956e+01
1.544800000000000040e+01
7.097000000000000419e+00
1.178800000000000026e+01
2.885800000000000054e+01
1.116800000000000104e+01
7.618000000000000327e+00
1.392300000000000004e+01
7.570999999999999730e+00
1.961700000000000088e+01
6.874000000000000554e+00
6.092000000000000526e+00
9.252000000000000668e+00
1.038300000000000090e+01
1.275000000000000000e+01
1.418800000000000061e+01
1.386800000000000033e+01
4.213000000000000078e+00
6.988999999999999879e+00
1.132799999999999940e+01
7.142000000000000348e+00
1.282600000000000051e+01
9.977999999999999758e+00
9.221000000000000085e+00
1.088100000000000023e+01
1.260599999999999987e+01
4.919000000000000483e+00
5.950000000000000178e+00
1.484500000000000064e+01
8.354000000000000981e+00
1.030499999999999972e+01
1.323600000000000065e+01
1.586000000000000121e+01
6.584999999999999964e+00
9.410000000000000142e+00
8.598000000000000753e+00
1.719399999999999906e+01
2.430100000000000193e+01
1.466200000000000081e+01
1.426500000000000057e+01
1.217600000000000016e+01
1.773100000000000165e+01
1.490799999999999947e+01
1.416699999999999982e+01
9.117000000000000881e+00
1.368800000000000061e+01
1.439900000000000091e+01
7.523000000000000576e+00
1.280100000000000016e+01
1.206600000000000072e+01
1.316500000000000092e+01
7.046999999999999709e+00
1.612099999999999866e+01
8.197000000000000952e+00
1.369899999999999984e+01
1.416800000000000104e+01
4.725000000000000533e+00
1.604100000000000037e+01
5.496000000000000441e+00
1.329600000000000115e+01
1.101800000000000068e+01
1.645100000000000051e+01
1.430499999999999972e+01
1.419400000000000084e+01
5.927999999999999936e+00
5.451000000000000512e+00
1.943499999999999872e+01
9.006000000000000227e+00
2.333900000000000219e+01
1.887300000000000111e+01
1.046600000000000108e+01
5.695000000000000284e+00
9.230999999999999872e+00
1.435299999999999976e+01
2.158399999999999963e+01
8.231999999999999318e+00
9.186999999999999389e+00
2.450799999999999912e+01
8.657999999999999474e+00
9.572000000000000952e+00
1.094400000000000084e+01
1.757199999999999918e+01
1.518700000000000117e+01
1.193999999999999950e+01
1.373700000000000010e+01
1.137800000000000011e+01
1.039700000000000024e+01
7.706999999999999851e+00
2.291499999999999915e+01
3.008999999999999897e+00
5.344000000000000306e+00
1.000600000000000023e+01
6.336000000000000298e+00
1.564600000000000080e+01
1.478599999999999959e+01
1.062899999999999956e+01
1.610500000000000043e+01
9.855000000000000426e+00
1.198700000000000010e+01
6.717999999999999972e+00
1.383699999999999974e+01
1.546799999999999997e+01
1.046100000000000030e+01
5.405999999999999694e+00
1.585200000000000031e+01
1.112000000000000099e+01
1.339000000000000057e+01
1.332099999999999973e+01
8.415000000000000924e+00
1.766799999999999926e+01
1.444299999999999962e+01
1.674599999999999866e+01
8.984999999999999432e+00
1.010200000000000031e+01
5.344000000000000306e+00
6.887999999999999901e+00
1.628600000000000136e+01
1.830199999999999960e+01
1.405799999999999983e+01
9.774000000000000909e+00
1.505700000000000038e+01
1.273499999999999943e+01
1.171700000000000053e+01
8.314000000000000057e+00
1.285500000000000043e+01
2.065599999999999881e+01
1.508900000000000041e+01
7.930000000000000604e+00
1.290600000000000058e+01
8.362000000000000099e+00
1.114199999999999946e+01
1.715899999999999892e+01
1.023700000000000010e+01
1.728500000000000014e+01
1.521900000000000119e+01
9.496999999999999886e+00
1.510200000000000031e+01
6.030999999999999694e+00
8.153999999999999915e+00
2.799300000000000210e+01
1.084299999999999997e+01
6.777000000000000135e+00
7.243999999999999773e+00
8.457000000000000739e+00
1.048600000000000065e+01
9.689999999999999503e+00
2.850600000000000023e+01
1.047000000000000064e+01
8.189000000000000057e+00
1.381700000000000017e+01
1.031199999999999939e+01
2.086500000000000199e+01
7.036999999999999922e+00
7.201000000000000512e+00
1.766300000000000026e+01
9.314999999999999503e+00
1.513300000000000090e+01
1.117800000000000082e+01
1.488000000000000078e+01
1.253200000000000003e+01
1.081099999999999994e+01
1.804800000000000182e+01
1.284800000000000075e+01
8.739000000000000767e+00
1.051500000000000057e+01
1.044500000000000028e+01
2.694399999999999906e+01
1.541900000000000048e+01
2.586200000000000188e+01
1.307699999999999996e+01
1.723300000000000054e+01
5.636000000000000121e+00
3.309799999999999898e+01
7.086000000000000298e+00
8.894000000000000128e+00
1.065399999999999991e+01
2.071699999999999875e+01
6.592999999999999972e+00
1.002400000000000091e+01
1.014400000000000013e+01
1.531600000000000072e+01
1.421100000000000030e+01
9.447000000000000952e+00
8.250000000000000000e+00
1.063000000000000078e+01
7.879000000000000448e+00
2.064100000000000179e+01
3.806999999999999940e+00
1.247799999999999976e+01
1.894500000000000028e+01
8.884000000000000341e+00
7.238000000000000433e+00
1.426200000000000045e+01
2.805799999999999983e+01
1.831899999999999906e+01
1.696199999999999974e+01
1.047799999999999976e+01
2.407900000000000063e+01
1.995599999999999952e+01
1.684700000000000131e+01
1.045700000000000074e+01
1.989900000000000091e+01
1.003599999999999959e+01
8.445999999999999730e+00
7.310000000000000497e+00
1.506799999999999962e+01
8.147000000000000242e+00
1.584999999999999964e+01
1.092999999999999972e+01
2.074300000000000210e+01
1.785999999999999943e+01
2.173700000000000188e+01
1.152800000000000047e+01
8.891999999999999460e+00
9.184000000000001052e+00
1.948900000000000077e+01
1.095400000000000063e+01
2.013800000000000168e+01
9.904999999999999361e+00
6.475000000000000533e+00
9.672000000000000597e+00
7.437999999999999723e+00
1.208699999999999974e+01
9.612999999999999545e+00
6.689000000000000057e+00
1.690599999999999881e+01
1.137400000000000055e+01
2.108000000000000185e+01
1.708099999999999952e+01
1.402599999999999980e+01
1.697500000000000142e+01
1.901800000000000068e+01
1.797200000000000131e+01
1.541300000000000026e+01
6.597000000000000419e+00
8.518000000000000682e+00
1.114600000000000080e+01
1.272300000000000075e+01
1.469100000000000072e+01
1.056199999999999939e+01
1.123499999999999943e+01
2.086400000000000077e+01
1.292200000000000060e+01
9.217999999999999972e+00
8.332000000000000739e+00
4.653000000000000469e+00
9.570000000000000284e+00
1.080499999999999972e+01
1.470000000000000107e+01
1.226100000000000101e+01
8.939000000000000057e+00
1.179800000000000004e+01
4.219000000000000306e+00
1.173300000000000054e+01
7.504000000000000448e+00
2.924600000000000222e+01
4.472000000000000419e+00
4.862000000000000099e+00
8.820999999999999730e+00
1.001900000000000013e+01
9.380000000000000782e+00
1.606500000000000128e+01
1.752200000000000202e+01
1.209699999999999953e+01
7.493999999999999773e+00
1.144700000000000095e+01
1.037000000000000099e+01
5.366999999999999993e+00
1.165700000000000003e+01
9.957000000000000739e+00
2.545599999999999952e+01
1.404400000000000048e+01
1.611700000000000088e+01
8.176999999999999602e+00
6.136000000000000121e+00
8.723000000000000753e+00
1.063100000000000023e+01
8.775999999999999801e+00
1.627899999999999991e+01
1.049500000000000099e+01
4.804999999999999716e+00
2.377299999999999969e+01
3.758999999999999897e+00
2.175799999999999912e+01
9.361000000000000654e+00
9.874000000000000554e+00
1.036800000000000033e+01
9.971000000000000085e+00
1.541000000000000014e+01
1.001600000000000001e+01
2.427899999999999991e+01
8.396000000000000796e+00
2.502400000000000091e+01
6.355999999999999872e+00
6.796999999999999709e+00
8.700000000000001066e+00
1.372499999999999964e+01
5.786000000000000476e+00
1.522100000000000009e+01
1.536400000000000077e+01
9.923000000000000043e+00
1.891900000000000048e+01
1.447300000000000075e+01
1.775100000000000122e+01
8.144999999999999574e+00
8.323000000000000398e+00
1.141000000000000014e+01
1.211400000000000077e+01
1.311899999999999977e+01
1.242699999999999960e+01
2.051900000000000190e+01
1.336100000000000065e+01
3.060999999999999943e+01
1.058500000000000085e+01
9.349000000000000199e+00
9.157000000000000028e+00
1.290700000000000003e+01
1.038700000000000045e+01
1.042300000000000004e+01
2.539700000000000202e+01
9.973000000000000753e+00
7.701000000000000512e+00
7.754999999999999893e+00
1.023900000000000077e+01
1.206000000000000050e+01
1.547600000000000087e+01
8.096000000000000085e+00
1.303299999999999947e+01
4.637000000000000455e+00
2.700300000000000011e+01
8.554000000000000270e+00
1.128800000000000026e+01
2.666199999999999903e+01
1.284600000000000009e+01
1.358200000000000074e+01
9.633000000000000895e+00
1.219200000000000017e+01
1.449000000000000021e+01
9.966000000000001080e+00
1.397900000000000098e+01
1.332000000000000028e+01
8.649000000000000909e+00
8.168000000000001037e+00
1.797100000000000009e+01
1.274800000000000111e+01
1.603999999999999915e+01
7.554000000000000270e+00
1.241399999999999970e+01
6.179999999999999716e+00
9.551000000000000156e+00
1.399000000000000021e+01
6.924000000000000377e+00
1.988599999999999923e+01
1.135200000000000031e+01
1.206400000000000006e+01
9.211999999999999744e+00
4.583000000000000185e+00
1.320400000000000063e+01
1.000699999999999967e+01
1.184800000000000075e+01
7.852999999999999758e+00
1.476699999999999946e+01
1.297199999999999953e+01
1.157900000000000063e+01
5.508000000000000007e+00
8.836999999999999744e+00
1.155400000000000027e+01
1.891400000000000148e+01
2.261700000000000088e+01
9.406000000000000583e+00
1.013499999999999979e+01
7.227999999999999758e+00
1.342500000000000071e+01
1.124600000000000044e+01
2.055400000000000205e+01
1.481799999999999962e+01
1.021000000000000085e+01
1.849500000000000099e+01
6.105000000000000426e+00
1.029300000000000104e+01
1.425900000000000034e+01
1.545100000000000051e+01
2.234799999999999898e+01
7.064000000000000057e+00
9.109999999999999432e+00
9.529999999999999361e+00
1.512700000000000067e+01
6.679999999999999716e+00
8.993999999999999773e+00
1.130799999999999983e+01
6.376000000000000334e+00
7.070000000000000284e+00
1.361599999999999966e+01
1.143200000000000038e+01
7.120000000000000107e+00
1.333999999999999986e+01
1.247700000000000031e+01
9.894000000000000128e+00
9.447000000000000952e+00
1.304199999999999982e+01
1.040499999999999936e+01
9.641000000000000014e+00
1.490600000000000058e+01
9.762999999999999901e+00
1.444500000000000028e+01
7.652000000000000135e+00
8.083999999999999631e+00
1.408699999999999974e+01
1.115300000000000047e+01
1.743400000000000105e+01
4.123999999999999666e+00
1.050399999999999956e+01
6.908999999999999808e+00
8.032000000000000028e+00
1.479100000000000037e+01
1.033500000000000085e+01
1.041699999999999982e+01
6.895999999999999908e+00
1.235200000000000031e+01
1.780900000000000105e+01
8.429000000000000270e+00
7.758000000000000007e+00
9.615999999999999659e+00
9.073999999999999844e+00
1.661299999999999955e+01
1.231600000000000072e+01
1.236100000000000065e+01
1.146799999999999997e+01
1.414300000000000068e+01
1.555199999999999960e+01
8.791000000000000369e+00
1.825300000000000011e+01
7.815999999999999837e+00
1.425999999999999979e+01
2.421699999999999875e+01
2.313599999999999923e+01
4.929999999999999716e+00
6.876000000000000334e+00
6.647000000000000242e+00
1.100300000000000011e+01
3.363799999999999812e+01
1.178400000000000070e+01
6.616999999999999993e+00
8.858999999999999986e+00
1.273799999999999955e+01
1.553000000000000114e+01
1.047300000000000075e+01
2.237699999999999889e+01
1.612500000000000000e+01
1.397400000000000020e+01
7.016000000000000014e+00
1.211800000000000033e+01
9.766999999999999460e+00
1.412700000000000067e+01
1.360400000000000098e+01
1.133200000000000074e+01
7.334999999999999964e+00
1.906400000000000006e+01
5.775999999999999801e+00
6.562999999999999723e+00
1.491900000000000048e+01
9.093999999999999417e+00
1.209299999999999997e+01
1.216200000000000081e+01
7.645999999999999908e+00
2.107100000000000151e+01
1.096799999999999997e+01
1.668499999999999872e+01
1.146199999999999974e+01
1.109800000000000075e+01
1.092800000000000082e+01
7.243999999999999773e+00
1.454100000000000037e+01
5.432000000000000384e+00
9.083999999999999631e+00
8.194000000000000838e+00
1.140799999999999947e+01
1.890500000000000114e+01
2.893299999999999983e+01
7.342999999999999972e+00
8.563000000000000611e+00
1.943499999999999872e+01
1.719500000000000028e+01
1.323799999999999955e+01
9.560999999999999943e+00
7.150999999999999801e+00
1.004599999999999937e+01
1.524000000000000021e+01
1.331799999999999962e+01
6.296999999999999709e+00
8.239000000000000767e+00
2.022899999999999920e+01
1.526100000000000101e+01
1.257300000000000040e+01
1.305000000000000071e+01
1.263499999999999979e+01
1.480700000000000038e+01
8.880000000000000782e+00
1.274200000000000088e+01
5.610999999999999766e+00
4.791999999999999815e+00
6.397000000000000242e+00
8.688000000000000611e+00
1.053700000000000081e+01
1.593299999999999983e+01
2.293100000000000094e+01
3.016000000000000014e+00
1.272900000000000098e+01
7.743000000000000327e+00
1.309600000000000009e+01
1.487800000000000011e+01
7.373000000000000220e+00
1.921600000000000108e+01
5.206000000000000405e+00
7.618000000000000327e+00
2.119600000000000151e+01
1.380000000000000071e+01
1.590500000000000114e+01
1.548799999999999955e+01
1.058600000000000030e+01
9.323000000000000398e+00
8.897999999999999687e+00
5.352999999999999758e+00
9.976000000000000867e+00
1.511500000000000021e+01
5.613999999999999879e+00
1.078100000000000058e+01
2.466199999999999903e+01
9.861000000000000654e+00
1.268299999999999983e+01
1.116300000000000026e+01
1.634100000000000108e+01
1.507500000000000107e+01
1.673900000000000077e+01
6.919999999999999929e+00
1.707400000000000162e+01
1.399900000000000055e+01
1.731400000000000006e+01
6.945999999999999730e+00
1.734700000000000131e+01
1.597700000000000031e+01
9.797000000000000597e+00
3.206400000000000006e+01
7.892000000000000348e+00
5.171999999999999709e+00
2.791400000000000148e+01
1.601300000000000168e+01
8.660000000000000142e+00
6.512000000000000455e+00
9.974000000000000199e+00
4.669999999999999929e+00
1.170199999999999996e+01
1.113899999999999935e+01
1.661599999999999966e+01
6.331999999999999851e+00
2.253800000000000026e+01
1.267500000000000071e+01
1.311599999999999966e+01
1.394299999999999962e+01
8.928000000000000824e+00
6.766000000000000014e+00
6.100000000000000533e+00
1.124699999999999989e+01
1.372300000000000075e+01
6.309000000000000163e+00
8.544999999999999929e+00
1.085999999999999943e+01
1.310200000000000031e+01
1.801500000000000057e+01
9.182999999999999829e+00
1.681800000000000139e+01
1.327800000000000047e+01
8.753999999999999559e+00
1.101600000000000001e+01
1.484800000000000075e+01
2.115000000000000213e+01
1.483600000000000030e+01
1.162000000000000099e+01
1.407099999999999973e+01
1.738200000000000145e+01
9.804000000000000270e+00
7.086000000000000298e+00
9.894999999999999574e+00
9.218999999999999417e+00
4.971000000000000085e+00
9.887000000000000455e+00
6.596000000000000085e+00
1.466200000000000081e+01
7.616999999999999993e+00
1.085400000000000098e+01
1.705400000000000205e+01
2.551600000000000179e+01
6.017000000000000348e+00
6.456999999999999851e+00
1.755300000000000082e+01
5.113000000000000433e+00
1.194100000000000072e+01
1.698000000000000043e+01
7.110000000000000320e+00
1.194100000000000072e+01
1.083000000000000007e+01
1.019500000000000028e+01
1.790500000000000114e+01
7.094999999999999751e+00
8.586999999999999744e+00
1.745500000000000185e+01
1.449300000000000033e+01
1.108200000000000074e+01
1.936100000000000065e+01
1.019500000000000028e+01
5.727999999999999758e+00
5.802999999999999936e+00
1.207300000000000040e+01
9.505000000000000782e+00
1.269899999999999984e+01
2.754299999999999926e+01
9.423999999999999488e+00
1.901999999999999957e+01
8.720000000000000639e+00
1.355499999999999972e+01
2.124099999999999966e+01
1.253800000000000026e+01
1.039600000000000080e+01
1.021700000000000053e+01
6.275000000000000355e+00
1.077299999999999969e+01
6.432000000000000384e+00
2.352599999999999980e+01
1.270700000000000074e+01
1.680300000000000082e+01
1.341399999999999970e+01
1.279000000000000092e+01
9.819000000000000838e+00
1.669800000000000040e+01
1.107600000000000051e+01
1.212800000000000011e+01
1.776200000000000045e+01
9.362999999999999545e+00
1.748900000000000077e+01
1.233999999999999986e+01
1.700300000000000011e+01
1.709400000000000119e+01
1.206099999999999994e+01
1.533000000000000007e+01
1.427400000000000091e+01
1.429000000000000092e+01
1.385200000000000031e+01
2.024800000000000111e+01
9.919999999999999929e+00
1.270400000000000063e+01
1.417699999999999960e+01
1.542500000000000071e+01
8.524000000000000909e+00
6.157000000000000028e+00
1.574600000000000044e+01
1.825499999999999901e+01
6.724000000000000199e+00
1.347400000000000020e+01
1.210200000000000031e+01
1.246799999999999997e+01
1.229499999999999993e+01
1.496799999999999997e+01
1.199399999999999977e+01
8.711999999999999744e+00
1.735399999999999920e+01
1.155799999999999983e+01
1.368400000000000105e+01
1.199000000000000021e+01
2.649600000000000222e+01
2.196699999999999875e+01
2.547299999999999898e+01
1.835600000000000165e+01
8.920999999999999375e+00
8.684000000000001052e+00
1.197499999999999964e+01
1.722100000000000009e+01
9.874000000000000554e+00
1.684900000000000020e+01
1.655799999999999983e+01
1.990399999999999991e+01
1.837000000000000099e+01
1.708099999999999952e+01
1.079300000000000104e+01
7.390000000000000568e+00
1.471799999999999997e+01
1.806800000000000139e+01
1.609299999999999997e+01
1.445700000000000074e+01
1.514900000000000091e+01
1.295800000000000018e+01
1.876000000000000156e+01
1.669500000000000028e+01
1.039700000000000024e+01
8.612000000000000099e+00
2.003999999999999915e+01
1.293699999999999939e+01
1.165499999999999936e+01
1.991900000000000048e+01
8.788999999999999702e+00
7.142000000000000348e+00
8.559000000000001052e+00
1.621399999999999864e+01
1.641199999999999903e+01
1.285599999999999987e+01
1.064900000000000091e+01
1.049600000000000044e+01
1.639900000000000091e+01
1.628699999999999903e+01
1.967500000000000071e+01
9.434000000000001052e+00
4.520999999999999908e+00
6.116999999999999993e+00
1.343500000000000050e+01
1.831099999999999994e+01
2.117699999999999960e+01
6.288999999999999702e+00
6.918000000000000149e+00
1.418299999999999983e+01
1.931500000000000128e+01
2.214799999999999969e+01
8.702999999999999403e+00
1.660099999999999909e+01
1.466099999999999959e+01
9.483000000000000540e+00
8.983000000000000540e+00
1.672400000000000020e+01
6.153999999999999915e+00
1.321899999999999942e+01
1.169299999999999962e+01
1.381700000000000017e+01
1.288400000000000034e+01
8.418000000000001037e+00
5.181000000000000050e+00
1.509500000000000064e+01
1.644900000000000162e+01
9.689999999999999503e+00
1.713500000000000156e+01
1.316600000000000037e+01
1.531300000000000061e+01
9.150000000000000355e+00
9.897000000000000242e+00
2.450000000000000178e+00
1.314000000000000057e+01
1.121600000000000108e+01
6.158000000000000362e+00
1.038199999999999967e+01
4.517999999999999794e+00
7.086999999999999744e+00
9.819000000000000838e+00
8.532999999999999474e+00
1.320400000000000063e+01
2.334600000000000009e+01
7.743999999999999773e+00
1.539199999999999946e+01
6.054000000000000270e+00
1.479100000000000037e+01
1.492100000000000115e+01
1.567500000000000071e+01
9.602999999999999758e+00
9.999000000000000554e+00
1.483200000000000074e+01
8.397000000000000242e+00
7.881000000000000227e+00
1.966199999999999903e+01
1.908699999999999974e+01
1.205000000000000071e+01
1.537199999999999989e+01
1.262400000000000055e+01
1.528899999999999970e+01
1.385400000000000098e+01
1.589900000000000091e+01
1.751099999999999923e+01
8.435000000000000497e+00
6.937000000000000277e+00
1.030900000000000105e+01
1.461599999999999966e+01
1.359800000000000075e+01
6.049000000000000377e+00
1.045299999999999940e+01
8.618999999999999773e+00
1.178200000000000003e+01
1.051200000000000045e+01
8.290000000000000924e+00
2.290800000000000125e+01
1.145500000000000007e+01
8.143000000000000682e+00
1.346000000000000085e+01
1.186599999999999966e+01
8.495000000000000995e+00
1.401299999999999990e+01
1.770899999999999963e+01
9.269000000000000128e+00
1.331900000000000084e+01
9.550000000000000711e+00
5.987000000000000099e+00
6.491000000000000547e+00
7.695999999999999730e+00
7.544000000000000483e+00
1.410299999999999976e+01
1.819699999999999918e+01
1.274699999999999989e+01
1.095899999999999963e+01
9.314999999999999503e+00
1.844999999999999929e+01
1.059399999999999942e+01
1.883699999999999974e+01
1.623900000000000077e+01
2.111800000000000210e+01
1.644000000000000128e+01
1.428299999999999947e+01
1.832300000000000040e+01
2.926900000000000190e+01
1.648100000000000165e+01
1.375200000000000067e+01
1.002899999999999991e+01
1.249699999999999989e+01
6.469999999999999751e+00
2.711400000000000077e+01
8.149000000000000909e+00
8.795999999999999375e+00
1.130600000000000094e+01
8.431000000000000938e+00
5.758000000000000007e+00
1.434299999999999997e+01
1.059600000000000009e+01
7.988000000000000433e+00
1.059100000000000108e+01
1.123000000000000043e+01
1.234999999999999964e+01
1.059600000000000009e+01
1.513000000000000078e+01
1.890500000000000114e+01
1.054300000000000104e+01
8.250999999999999446e+00
1.463499999999999979e+01
1.290399999999999991e+01
1.911899999999999977e+01
1.425800000000000090e+01
1.854800000000000182e+01
1.627700000000000102e+01
1.124300000000000033e+01
1.252500000000000036e+01
6.450000000000000178e+00
1.024099999999999966e+01
1.118999999999999950e+01
2.881299999999999883e+01
1.600700000000000145e+01
2.238400000000000034e+01
1.018999999999999950e+01
1.501100000000000101e+01
8.413000000000000256e+00
1.263600000000000101e+01
1.095199999999999996e+01
2.181800000000000139e+01
1.993599999999999994e+01
1.973900000000000077e+01
1.902299999999999969e+01
1.315600000000000058e+01
1.505600000000000094e+01
4.794000000000000483e+00
9.862999999999999545e+00
6.174999999999999822e+00
7.400000000000000355e+00
1.593100000000000094e+01
1.701900000000000190e+01
8.612000000000000099e+00
1.504600000000000115e+01
3.224000000000000199e+01
9.525999999999999801e+00
1.355499999999999972e+01
1.551500000000000057e+01
9.989000000000000767e+00
8.067000000000000171e+00
1.284600000000000009e+01
1.281199999999999939e+01
1.375500000000000078e+01
1.490500000000000114e+01
1.325800000000000090e+01
1.556499999999999950e+01
1.152299999999999969e+01
4.690999999999999837e+00
1.221600000000000108e+01
1.296400000000000041e+01
1.833500000000000085e+01
5.982000000000000206e+00
2.134400000000000119e+01
6.379999999999999893e+00
8.916000000000000369e+00
1.434699999999999953e+01
6.491999999999999993e+00
4.078000000000000291e+00
1.324500000000000099e+01
6.650999999999999801e+00
1.108699999999999974e+01
1.420500000000000007e+01
1.407000000000000028e+01
1.529800000000000004e+01
1.370800000000000018e+01
1.999399999999999977e+01
8.900999999999999801e+00
1.505300000000000082e+01
1.791199999999999903e+01
1.116999999999999993e+01
1.744399999999999906e+01
2.932700000000000173e+01
1.206600000000000072e+01
1.122000000000000064e+01
1.705900000000000105e+01
9.561999999999999389e+00
1.699200000000000088e+01
1.059200000000000053e+01
1.331400000000000006e+01
1.694600000000000151e+01
8.958999999999999631e+00
1.260200000000000031e+01
1.725900000000000034e+01
2.043499999999999872e+01
4.408000000000000362e+00
1.593400000000000105e+01
2.866799999999999926e+01
5.370000000000000107e+00
1.254300000000000104e+01
6.826999999999999957e+00
1.029899999999999949e+01
1.548799999999999955e+01
7.959999999999999964e+00
1.178200000000000003e+01
1.090799999999999947e+01
1.502200000000000024e+01
1.351999999999999957e+01
2.265599999999999881e+01
1.208000000000000007e+01
2.201999999999999957e+01
8.929999999999999716e+00
1.374099999999999966e+01
1.215900000000000070e+01
1.145700000000000074e+01
9.261000000000001009e+00
2.457600000000000051e+01
2.568299999999999983e+01
1.266900000000000048e+01
1.624800000000000111e+01
1.266699999999999982e+01
2.016400000000000148e+01
1.148799999999999955e+01
1.390500000000000114e+01
2.129400000000000048e+01
7.479000000000000092e+00
1.630600000000000094e+01
2.412999999999999901e+01
1.121499999999999986e+01
3.853000000000000114e+01
1.426699999999999946e+01
1.249900000000000055e+01
2.124899999999999878e+01
8.500000000000000000e+00
1.359699999999999953e+01
1.807799999999999940e+01
9.513999999999999346e+00
1.959299999999999997e+01
1.225200000000000067e+01
8.027000000000001023e+00
8.306000000000000938e+00
1.183500000000000085e+01
9.602000000000000313e+00
7.480000000000000426e+00
1.549600000000000044e+01
1.347700000000000031e+01
8.205999999999999517e+00
1.328700000000000081e+01
1.435700000000000109e+01
1.170899999999999963e+01
2.248499999999999943e+01
1.857000000000000028e+01
1.030400000000000027e+01
9.621000000000000441e+00
8.381000000000000227e+00
1.254899999999999949e+01
7.983000000000000540e+00
4.391000000000000014e+00
6.879000000000000448e+00
1.495899999999999963e+01
1.178299999999999947e+01
9.942000000000000171e+00
1.429000000000000092e+01
7.073000000000000398e+00
7.868999999999999773e+00
1.223099999999999987e+01
1.315000000000000036e+01
3.044000000000000039e+00
6.411999999999999922e+00
9.464000000000000412e+00
1.691900000000000048e+01
1.271100000000000030e+01
1.229599999999999937e+01
6.594999999999999751e+00
1.066399999999999970e+01
1.526100000000000101e+01
6.586000000000000298e+00
2.189300000000000068e+01
1.669699999999999918e+01
1.447499999999999964e+01
1.067900000000000027e+01
1.160999999999999943e+01
5.918000000000000149e+00
1.028100000000000058e+01
1.892699999999999960e+01
6.834999999999999964e+00
7.403999999999999915e+00
1.776900000000000190e+01
7.618000000000000327e+00
1.227899999999999991e+01
1.554600000000000115e+01
1.179800000000000004e+01
1.577599999999999980e+01
6.294999999999999929e+00
1.027299999999999969e+01
9.442999999999999616e+00
1.523200000000000109e+01
7.711999999999999744e+00
1.238600000000000101e+01
1.428200000000000003e+01
1.349399999999999977e+01
9.216000000000001080e+00
2.201600000000000179e+01
1.755199999999999960e+01
4.061400000000000432e+01
1.093999999999999950e+01
1.764100000000000179e+01
1.074000000000000021e+01
6.719999999999999751e+00
1.899300000000000210e+01
8.503000000000000114e+00
1.716400000000000148e+01
1.353599999999999959e+01
2.133200000000000074e+01
1.725600000000000023e+01
1.991900000000000048e+01
1.633000000000000185e+01
6.725999999999999979e+00
1.091399999999999970e+01
9.535999999999999588e+00
8.647999999999999687e+00
9.705999999999999517e+00
1.135999999999999943e+01
1.814900000000000091e+01
1.742399999999999949e+01
1.162400000000000055e+01
9.146000000000000796e+00
1.221199999999999974e+01
1.078100000000000058e+01
8.784000000000000696e+00
1.976999999999999957e+01
1.407099999999999973e+01
1.191300000000000026e+01
6.233999999999999986e+00
2.127100000000000080e+01
4.145999999999999908e+00
1.113899999999999935e+01
1.406700000000000017e+01
1.765599999999999881e+01
1.496900000000000119e+01
1.922500000000000142e+01
2.106599999999999895e+01
1.125900000000000034e+01
1.840899999999999892e+01
1.356200000000000117e+01
5.794000000000000483e+00
7.158000000000000362e+00
1.673499999999999943e+01
1.280199999999999960e+01
1.689600000000000080e+01
8.037000000000000810e+00
1.744200000000000017e+01
6.344000000000000306e+00
1.398799999999999955e+01
1.258300000000000018e+01
1.012899999999999956e+01
1.705699999999999861e+01
1.608699999999999974e+01
3.814999999999999947e+00
1.090099999999999980e+01
7.547000000000000597e+00
9.134999999999999787e+00
1.343800000000000061e+01
6.977999999999999758e+00
1.030400000000000027e+01
1.537500000000000000e+01
9.791999999999999815e+00
1.364400000000000013e+01
8.820000000000000284e+00
6.480000000000000426e+00
8.073999999999999844e+00
1.150800000000000090e+01
9.729000000000000981e+00
7.177000000000000490e+00
1.837099999999999866e+01
1.215600000000000058e+01
9.483999999999999986e+00
1.778600000000000136e+01
1.837999999999999901e+01
1.344800000000000040e+01
1.207500000000000107e+01
8.120000000000000995e+00
9.410999999999999588e+00
1.142900000000000027e+01
8.173999999999999488e+00
1.612800000000000011e+01
1.121100000000000030e+01
6.197000000000000064e+00
1.355799999999999983e+01
1.500099999999999945e+01
1.581300000000000061e+01
1.551800000000000068e+01
5.235000000000000320e+00
1.882799999999999940e+01
1.192099999999999937e+01
1.087700000000000067e+01
9.518000000000000682e+00
1.156000000000000050e+01
2.269000000000000128e+01
1.190900000000000070e+01
2.063500000000000156e+01
8.753000000000000114e+00
1.195800000000000018e+01
1.163400000000000034e+01
1.218100000000000094e+01
9.778000000000000469e+00
9.907999999999999474e+00
7.625000000000000000e+00
1.107900000000000063e+01
1.334299999999999997e+01
1.089799999999999969e+01
2.048499999999999943e+01
2.065000000000000213e+01
1.016699999999999982e+01
9.531000000000000583e+00
1.410599999999999987e+01
1.395199999999999996e+01
1.265300000000000047e+01
1.256600000000000072e+01
1.894699999999999918e+01
1.632799999999999940e+01
8.114000000000000767e+00
1.186700000000000088e+01
1.416399999999999970e+01
7.488999999999999879e+00
1.840099999999999980e+01
2.209400000000000119e+01
8.810000000000000497e+00
1.063100000000000023e+01
7.072000000000000064e+00
1.409100000000000108e+01
9.224999999999999645e+00
1.446700000000000053e+01
1.654700000000000060e+01
5.195000000000000284e+00
9.447000000000000952e+00
1.669300000000000139e+01
9.316000000000000725e+00
1.298900000000000077e+01
1.332500000000000107e+01
1.675300000000000011e+01
6.828999999999999737e+00
6.682999999999999829e+00
9.704000000000000625e+00
1.984900000000000020e+01
8.439999999999999503e+00
1.699300000000000210e+01
2.140700000000000003e+01
7.472000000000000419e+00
2.589900000000000091e+01
1.227599999999999980e+01
1.613400000000000034e+01
2.460500000000000043e+01
1.757000000000000028e+01
2.801399999999999935e+01
2.234700000000000131e+01
6.057999999999999829e+00
8.893000000000000682e+00
1.098700000000000010e+01
8.849000000000000199e+00
9.679000000000000270e+00
3.281000000000000139e+00
7.706000000000000405e+00
1.116000000000000014e+01
1.082500000000000107e+01
1.546799999999999997e+01
6.062000000000000277e+00
1.392699999999999960e+01
8.121999999999999886e+00
7.586999999999999744e+00
9.618000000000000327e+00
1.131199999999999939e+01
1.209900000000000020e+01
1.632199999999999918e+01
8.737000000000000099e+00
1.126200000000000045e+01
1.492699999999999960e+01
1.103299999999999947e+01
1.144800000000000040e+01
1.931800000000000139e+01
2.002500000000000213e+01
1.082699999999999996e+01
1.268299999999999983e+01
1.070000000000000107e+01
9.659000000000000696e+00
1.734499999999999886e+01
1.343700000000000117e+01
2.007700000000000173e+01
1.075699999999999967e+01
1.129700000000000060e+01
9.213000000000000966e+00
1.208500000000000085e+01
1.276400000000000112e+01
8.378000000000000114e+00
6.533000000000000362e+00
5.548000000000000043e+00
1.467500000000000071e+01
1.026800000000000068e+01
1.373300000000000054e+01
1.430900000000000105e+01
6.506000000000000227e+00
2.424800000000000111e+01
1.322499999999999964e+01
8.269000000000000128e+00
9.150999999999999801e+00
1.429400000000000048e+01
1.775100000000000122e+01
1.543400000000000105e+01
8.179999999999999716e+00
2.455199999999999960e+01
1.005799999999999983e+01
1.369200000000000017e+01
9.846000000000000085e+00
1.542600000000000016e+01
2.168100000000000094e+01
1.336599999999999966e+01
2.676500000000000057e+01
1.480300000000000082e+01
1.425500000000000078e+01
1.358099999999999952e+01
1.136299999999999955e+01
6.732000000000000206e+00
1.050099999999999945e+01
9.567000000000000171e+00
6.937999999999999723e+00
1.195000000000000107e+01
1.434200000000000053e+01
9.059000000000001052e+00
4.815000000000000391e+00
7.527000000000000135e+00
9.121999999999999886e+00
1.119899999999999984e+01
1.219299999999999962e+01
1.633200000000000074e+01
1.763299999999999912e+01
1.118999999999999950e+01
1.988200000000000145e+01
1.463499999999999979e+01
6.775999999999999801e+00
1.017300000000000004e+01
1.331499999999999950e+01
1.022199999999999953e+01
5.341000000000000192e+00
9.391999999999999460e+00
9.625999999999999446e+00
1.899200000000000088e+01
1.274300000000000033e+01
7.581999999999999851e+00
1.511299999999999955e+01
8.333999999999999631e+00
1.483900000000000041e+01
1.344100000000000072e+01
1.218599999999999994e+01
2.508099999999999952e+01
1.444400000000000084e+01
1.591600000000000037e+01
5.895999999999999908e+00
1.828399999999999892e+01
9.438000000000000611e+00
8.753000000000000114e+00
1.177200000000000024e+01
1.358600000000000030e+01
1.244100000000000072e+01
1.223600000000000065e+01
8.189999999999999503e+00
8.300000000000000711e+00
7.254999999999999893e+00
1.707199999999999918e+01
8.413000000000000256e+00
9.861000000000000654e+00
7.334000000000000519e+00
6.753000000000000114e+00
1.248799999999999955e+01
1.498900000000000077e+01
6.256000000000000227e+00
8.393000000000000682e+00
6.900000000000000355e+00
2.083800000000000097e+01
1.435899999999999999e+01
4.443999999999999950e+00
1.195000000000000107e+01
1.501200000000000045e+01
2.291900000000000048e+01
9.064000000000000057e+00
1.281300000000000061e+01
8.378999999999999559e+00
1.046600000000000108e+01
1.599699999999999989e+01
1.589199999999999946e+01
1.257200000000000095e+01
1.131700000000000017e+01
1.061899999999999977e+01
1.420800000000000018e+01
1.608800000000000097e+01
1.184999999999999964e+01
2.145299999999999940e+01
1.670299999999999940e+01
1.600199999999999889e+01
7.953000000000000291e+00
7.849000000000000199e+00
1.433699999999999974e+01
1.179800000000000004e+01
1.425500000000000078e+01
9.980999999999999872e+00
1.532099999999999973e+01
1.863899999999999935e+01
1.856299999999999883e+01
5.581999999999999851e+00
1.472499999999999964e+01
1.031199999999999939e+01
1.117399999999999949e+01
1.352700000000000102e+01
9.368999999999999773e+00
1.686400000000000077e+01
7.273000000000000576e+00
1.630100000000000193e+01
1.038300000000000090e+01
2.076600000000000179e+01
6.809000000000000163e+00
9.361000000000000654e+00
1.083999999999999986e+01
1.245599999999999952e+01
5.182000000000000384e+00
5.791999999999999815e+00
1.282000000000000028e+01
8.394000000000000128e+00
8.400000000000000355e+00
1.149099999999999966e+01
1.322799999999999976e+01
1.754500000000000171e+01
4.028000000000000469e+00
1.260700000000000109e+01
1.224699999999999989e+01
1.502800000000000047e+01
9.650999999999999801e+00
1.226699999999999946e+01
1.099800000000000111e+01
8.349999999999999645e+00
1.005300000000000082e+01
2.280600000000000094e+01
5.895999999999999908e+00
2.098799999999999955e+01
2.144800000000000040e+01
1.536800000000000033e+01
2.072700000000000031e+01
1.360899999999999999e+01
1.509400000000000119e+01
2.308699999999999974e+01
2.386299999999999955e+01
1.189100000000000001e+01
7.767999999999999794e+00
7.754999999999999893e+00
2.759299999999999997e+01
1.049099999999999966e+01
9.621999999999999886e+00
1.220400000000000063e+01
1.645299999999999940e+01
1.505000000000000071e+01
7.411999999999999922e+00
1.060400000000000098e+01
2.149099999999999966e+01
1.766400000000000148e+01
1.350900000000000034e+01
6.128000000000000114e+00
4.378000000000000114e+00
1.606700000000000017e+01
7.684000000000000163e+00
1.184699999999999953e+01
1.097199999999999953e+01
1.116800000000000104e+01
1.765399999999999991e+01
9.262999999999999901e+00
7.264000000000000234e+00
1.015600000000000058e+01
1.083300000000000018e+01
7.123000000000000220e+00
2.462199999999999989e+01
9.660999999999999588e+00
1.338300000000000090e+01
1.048799999999999955e+01
8.150999999999999801e+00
1.056000000000000050e+01
1.086599999999999966e+01
1.284100000000000108e+01
1.180600000000000094e+01
1.267900000000000027e+01
9.445000000000000284e+00
1.768799999999999883e+01
2.010099999999999909e+01
1.118699999999999939e+01
5.370000000000000107e+00
2.531500000000000128e+01
1.758500000000000085e+01
1.026399999999999935e+01
1.083600000000000030e+01
2.254400000000000048e+01
1.943700000000000117e+01
1.764799999999999969e+01
1.877400000000000091e+01
1.200900000000000034e+01
1.828999999999999915e+01
6.365000000000000213e+00
1.240399999999999991e+01
1.171899999999999942e+01
1.843799999999999883e+01
1.591699999999999982e+01
1.122100000000000009e+01
6.334000000000000519e+00
9.593999999999999417e+00
1.120899999999999963e+01
9.247999999999999332e+00
1.385500000000000043e+01
8.948999999999999844e+00
2.468200000000000216e+01
1.561299999999999955e+01
9.045999999999999375e+00
1.054599999999999937e+01
1.786400000000000077e+01
1.284100000000000108e+01
3.338000000000000078e+00
7.597999999999999865e+00
7.855000000000000426e+00
1.223200000000000109e+01
1.275600000000000023e+01
2.276699999999999946e+01
1.564499999999999957e+01
1.641000000000000014e+01
8.958000000000000185e+00
7.298000000000000043e+00
2.428699999999999903e+01
1.386200000000000010e+01
7.201000000000000512e+00
6.358000000000000540e+00
2.016300000000000026e+01
1.107399999999999984e+01
1.877599999999999980e+01
4.855000000000000426e+00
1.788299999999999912e+01
1.126600000000000001e+01
1.734700000000000131e+01
8.842000000000000526e+00
9.910000000000000142e+00
8.172000000000000597e+00
1.001299999999999990e+01
1.112400000000000055e+01
9.355000000000000426e+00
1.073399999999999999e+01
1.393200000000000038e+01
7.717000000000000526e+00
1.370100000000000051e+01
1.831599999999999895e+01
9.785999999999999588e+00
1.297799999999999976e+01
2.280400000000000205e+01
1.671100000000000207e+01
1.217600000000000016e+01
1.634299999999999997e+01
1.130300000000000082e+01
8.886000000000001009e+00
9.493000000000000327e+00
1.011700000000000088e+01
9.131000000000000227e+00
2.028000000000000114e+01
1.147499999999999964e+01
5.509999999999999787e+00
1.841300000000000026e+01
1.238900000000000112e+01
8.938000000000000611e+00
7.384000000000000341e+00
7.153000000000000469e+00
1.889300000000000068e+01
1.097900000000000098e+01
4.807999999999999829e+00
7.628000000000000114e+00
1.069599999999999973e+01
8.598000000000000753e+00
1.049000000000000021e+01
9.945999999999999730e+00
9.266999999999999460e+00
8.473000000000000753e+00
1.273499999999999943e+01
8.044999999999999929e+00
1.153500000000000014e+01
1.326699999999999946e+01
1.460400000000000098e+01
8.971999999999999531e+00
1.401900000000000013e+01
6.674000000000000377e+00
1.049000000000000021e+01
1.285200000000000031e+01
9.125999999999999446e+00
8.013999999999999346e+00
1.027599999999999980e+01
1.428500000000000014e+01
1.394400000000000084e+01
9.899000000000000909e+00
9.352999999999999758e+00
1.005000000000000071e+01
1.843100000000000094e+01
1.557399999999999984e+01
1.632799999999999940e+01
8.394000000000000128e+00
1.535700000000000109e+01
8.993999999999999773e+00
1.550800000000000090e+01
9.173999999999999488e+00
1.132699999999999996e+01
9.266999999999999460e+00
9.806000000000000938e+00
5.552999999999999936e+00
6.814000000000000057e+00
1.591300000000000026e+01
3.566000000000000281e+00
1.694500000000000028e+01
1.394200000000000017e+01
2.906099999999999994e+01
1.484299999999999997e+01
9.189000000000000057e+00
7.767999999999999794e+00
8.144999999999999574e+00
1.702700000000000102e+01
9.557000000000000384e+00
5.147999999999999687e+00
1.073399999999999999e+01
1.245800000000000018e+01
1.350999999999999979e+01
1.666300000000000026e+01
1.258300000000000018e+01
8.733999999999999986e+00
1.021199999999999974e+01
8.983999999999999986e+00
7.299999999999999822e+00
1.299900000000000055e+01
1.225999999999999979e+01
7.126000000000000334e+00
1.371700000000000053e+01
4.599000000000000199e+00
2.524500000000000099e+01
8.992000000000000881e+00
9.861000000000000654e+00
1.254000000000000092e+01
1.045400000000000063e+01
8.403000000000000469e+00
8.426000000000000156e+00
1.817399999999999949e+01
7.501999999999999780e+00
1.229700000000000060e+01
1.438799999999999990e+01
8.032999999999999474e+00
1.693900000000000006e+01
1.709700000000000131e+01
1.368200000000000038e+01
1.163199999999999967e+01
5.424999999999999822e+00
8.506000000000000227e+00
1.043599999999999994e+01
5.160000000000000142e+00
8.285000000000000142e+00
1.056000000000000050e+01
8.575000000000001066e+00
2.901699999999999946e+01
2.177400000000000091e+01
1.572000000000000064e+01
1.333399999999999963e+01
1.229599999999999937e+01
9.054999999999999716e+00
1.140000000000000036e+01
1.022300000000000075e+01
8.745000000000000995e+00
1.166500000000000092e+01
7.703000000000000291e+00
1.531600000000000072e+01
1.453500000000000014e+01
5.929000000000000270e+00
7.471000000000000085e+00
1.372300000000000075e+01
1.662300000000000111e+01
6.115000000000000213e+00
5.197000000000000064e+00
8.117000000000000881e+00
1.310999999999999943e+01
1.184999999999999964e+01
1.042999999999999972e+01
1.625300000000000011e+01
7.450000000000000178e+00
2.024500000000000099e+01
1.594200000000000017e+01
1.053800000000000026e+01
1.304199999999999982e+01
5.918000000000000149e+00
1.267699999999999960e+01
5.964999999999999858e+00
7.078000000000000291e+00
2.082400000000000162e+01
7.333000000000000185e+00
3.656000000000000139e+00
1.510899999999999999e+01
1.266000000000000014e+01
1.066999999999999993e+01
1.983800000000000097e+01
1.885800000000000054e+01
4.447000000000000064e+00
2.007000000000000028e+01
6.632000000000000561e+00
1.778699999999999903e+01
1.702799999999999869e+01
7.524000000000000021e+00
5.384000000000000341e+00
1.379899999999999949e+01
9.426999999999999602e+00
6.846000000000000085e+00
1.448000000000000043e+01
1.831200000000000117e+01
7.264000000000000234e+00
8.781000000000000583e+00
1.349699999999999989e+01
1.924699999999999989e+01
6.815999999999999837e+00
1.310299999999999976e+01
1.322900000000000098e+01
1.416900000000000048e+01
6.108999999999999986e+00
1.349500000000000099e+01
9.061999999999999389e+00
1.325500000000000078e+01
9.394000000000000128e+00
7.392999999999999794e+00
1.471499999999999986e+01
2.371799999999999997e+01
1.376699999999999946e+01
1.082399999999999984e+01
5.439000000000000057e+00
9.371000000000000441e+00
2.300499999999999901e+01
1.742600000000000193e+01
1.382600000000000051e+01
1.090499999999999936e+01
5.857000000000000206e+00
1.653600000000000136e+01
1.535800000000000054e+01
1.696100000000000207e+01
2.351399999999999935e+01
7.608000000000000540e+00
1.360599999999999987e+01
9.316000000000000725e+00
4.294999999999999929e+00
6.788999999999999702e+00
1.022499999999999964e+01
2.712600000000000122e+01
7.496000000000000441e+00
1.072199999999999953e+01
1.288499999999999979e+01
1.780999999999999872e+01
1.098399999999999999e+01
1.302500000000000036e+01
8.141000000000000014e+00
5.253000000000000114e+00
9.447000000000000952e+00
8.258000000000000895e+00
1.213499999999999979e+01
1.859700000000000131e+01
1.345299999999999940e+01
8.293000000000001037e+00
1.309200000000000053e+01
2.033900000000000219e+01
1.126699999999999946e+01
1.092900000000000027e+01
1.164700000000000024e+01
1.031700000000000017e+01
1.685000000000000142e+01
1.630999999999999872e+01
1.931800000000000139e+01
1.330199999999999960e+01
2.019800000000000040e+01
7.217999999999999972e+00
2.079899999999999949e+01
1.177599999999999980e+01
1.307699999999999996e+01
4.360999999999999766e+00
9.660000000000000142e+00
6.839000000000000412e+00
7.625000000000000000e+00
1.196799999999999997e+01
8.371999999999999886e+00
1.086500000000000021e+01
6.778000000000000469e+00
1.265300000000000047e+01
1.219100000000000072e+01
1.288000000000000078e+01
1.147199999999999953e+01
1.177700000000000102e+01
8.527000000000001023e+00
7.225999999999999979e+00
9.814000000000000057e+00
2.319800000000000040e+01
1.552700000000000102e+01
2.533000000000000185e+01
1.050200000000000067e+01
5.711000000000000298e+00
1.054499999999999993e+01
7.610000000000000320e+00
1.261599999999999966e+01
8.465999999999999304e+00
1.205100000000000016e+01
6.708000000000000185e+00
1.065200000000000102e+01
1.658200000000000074e+01
1.931700000000000017e+01
1.086500000000000021e+01
9.403999999999999915e+00
1.594899999999999984e+01
1.825100000000000122e+01
1.528700000000000081e+01
9.579000000000000625e+00
1.451100000000000101e+01
1.656299999999999883e+01
1.489499999999999957e+01
1.177800000000000047e+01
1.280600000000000094e+01
1.306199999999999939e+01
1.090099999999999980e+01
9.682999999999999829e+00
5.988000000000000433e+00
1.149099999999999966e+01
8.814000000000000057e+00
1.688899999999999935e+01
2.788599999999999923e+01
1.193900000000000006e+01
1.097499999999999964e+01
9.742000000000000881e+00
2.039100000000000179e+01
6.541000000000000369e+00
2.091499999999999915e+01
9.426999999999999602e+00
1.205000000000000071e+01
1.075500000000000078e+01
2.493299999999999983e+01
1.492999999999999972e+01
1.390200000000000102e+01
2.673499999999999943e+01
8.618999999999999773e+00
1.154100000000000037e+01
2.051600000000000179e+01
1.487500000000000000e+01
1.522199999999999953e+01
9.279999999999999361e+00
1.247100000000000009e+01
1.768299999999999983e+01
1.559500000000000064e+01
9.689999999999999503e+00
1.286599999999999966e+01
4.655000000000000249e+00
1.261400000000000077e+01
1.726300000000000168e+01
9.418000000000001037e+00
1.675300000000000011e+01
6.089000000000000412e+00
1.174099999999999966e+01
8.381000000000000227e+00
9.794000000000000483e+00
4.685999999999999943e+00
2.173199999999999932e+01
1.068599999999999994e+01
1.811299999999999955e+01
9.133000000000000895e+00
2.645599999999999952e+01
1.330900000000000105e+01
1.330600000000000094e+01
1.748100000000000165e+01
1.819600000000000151e+01
6.227999999999999758e+00
1.388499999999999979e+01
2.002599999999999980e+01
9.794999999999999929e+00
1.237400000000000055e+01
1.802200000000000202e+01
1.065499999999999936e+01
1.025600000000000023e+01
1.013799999999999990e+01
1.437899999999999956e+01
1.319200000000000017e+01
7.084000000000000519e+00
1.296199999999999974e+01
1.330300000000000082e+01
2.196799999999999997e+01
1.490099999999999980e+01
1.150000000000000000e+01
1.424800000000000111e+01
1.462400000000000055e+01
1.231700000000000017e+01
6.416000000000000369e+00
7.879000000000000448e+00
1.403299999999999947e+01
1.391800000000000104e+01
1.101200000000000045e+01
1.275399999999999956e+01
1.032000000000000028e+01
5.443000000000000504e+00
1.397300000000000075e+01
7.251999999999999780e+00
2.353600000000000136e+01
9.060000000000000497e+00
7.695000000000000284e+00
8.226000000000000867e+00
1.567600000000000016e+01
7.532000000000000028e+00
1.035899999999999999e+01
7.682999999999999829e+00
1.117800000000000082e+01
1.349099999999999966e+01
1.127200000000000024e+01
9.150999999999999801e+00
1.787300000000000111e+01
1.305000000000000071e+01
1.445199999999999996e+01
7.855999999999999872e+00
1.379700000000000060e+01
1.961800000000000210e+01
1.101699999999999946e+01
1.135599999999999987e+01
1.225900000000000034e+01
9.274000000000000909e+00
1.693299999999999983e+01
9.009000000000000341e+00
7.190000000000000391e+00
1.567999999999999972e+01
2.863400000000000034e+01
9.705000000000000071e+00
7.381000000000000227e+00
4.463000000000000078e+00
8.622999999999999332e+00
5.227999999999999758e+00
7.554999999999999716e+00
8.476000000000000867e+00
1.124300000000000033e+01
1.197900000000000098e+01
1.338199999999999967e+01
1.142999999999999972e+01
4.820000000000000284e+00
1.173200000000000109e+01
1.570300000000000118e+01
1.391900000000000048e+01
4.152000000000000135e+00
1.298900000000000077e+01
7.974000000000000199e+00
5.280000000000000249e+00
1.407300000000000040e+01
1.527500000000000036e+01
6.884999999999999787e+00
9.131999999999999673e+00
2.143400000000000105e+01
3.808100000000000307e+01
1.270199999999999996e+01
1.530000000000000071e+01
1.232099999999999973e+01
1.315600000000000058e+01
1.685699999999999932e+01
1.245899999999999963e+01
9.349000000000000199e+00
2.871300000000000097e+01
1.067200000000000060e+01
9.242000000000000881e+00
8.224999999999999645e+00
1.560200000000000031e+01
1.678099999999999881e+01
1.278800000000000026e+01
8.096000000000000085e+00
1.041000000000000014e+01
1.073900000000000077e+01
7.874000000000000554e+00
7.060000000000000497e+00
8.432000000000000384e+00
1.174600000000000044e+01
1.600300000000000011e+01
8.762000000000000455e+00
1.140799999999999947e+01
9.775999999999999801e+00
8.073000000000000398e+00
5.245000000000000107e+00
1.805400000000000205e+01
2.203600000000000136e+01
1.937800000000000011e+01
1.018900000000000006e+01
1.277700000000000102e+01
1.148099999999999987e+01
5.717999999999999972e+00
7.714000000000000412e+00
1.548799999999999955e+01
7.131000000000000227e+00
5.719999999999999751e+00
1.328599999999999959e+01
6.684000000000000163e+00
1.210100000000000087e+01
1.787399999999999878e+01
1.606599999999999895e+01
1.200200000000000067e+01
1.097600000000000087e+01
1.734600000000000009e+01
8.509999999999999787e+00
9.990999999999999659e+00
1.009200000000000053e+01
1.842200000000000060e+01
9.915000000000000924e+00
8.147000000000000242e+00
2.062099999999999866e+01
2.005900000000000105e+01
1.310200000000000031e+01
9.198999999999999844e+00
2.625900000000000034e+01
1.317999999999999972e+01
9.476000000000000867e+00
1.073200000000000109e+01
2.564499999999999957e+01
1.047799999999999976e+01
1.033399999999999963e+01
1.308200000000000074e+01
1.687199999999999989e+01
1.992600000000000193e+01
1.192800000000000082e+01
1.029700000000000060e+01
1.416900000000000048e+01
1.563100000000000023e+01
6.262999999999999901e+00
1.005499999999999972e+01
1.709900000000000020e+01
1.386200000000000010e+01
2.783800000000000097e+01
5.395999999999999908e+00
2.434400000000000119e+01
1.046400000000000041e+01
1.061100000000000065e+01
9.832000000000000739e+00
1.760900000000000176e+01
9.682999999999999829e+00
1.600600000000000023e+01
1.015700000000000003e+01
2.281299999999999883e+01
1.445400000000000063e+01
2.084100000000000108e+01
8.227000000000000313e+00
1.023099999999999987e+01
7.714999999999999858e+00
9.800000000000000711e+00
1.025900000000000034e+01
5.966000000000000192e+00
1.416900000000000048e+01
1.113799999999999990e+01
1.095299999999999940e+01
1.006700000000000017e+01
1.430000000000000071e+01
1.328400000000000070e+01
1.920400000000000063e+01
6.911000000000000476e+00
7.647000000000000242e+00
1.329000000000000092e+01
9.557999999999999829e+00
1.278400000000000070e+01
2.365399999999999991e+01
2.570700000000000074e+01
1.714700000000000202e+01
2.046199999999999974e+01
2.260699999999999932e+01
1.509600000000000009e+01
1.015600000000000058e+01
2.553200000000000003e+01
1.230400000000000027e+01
1.211500000000000021e+01
1.323300000000000054e+01
1.992500000000000071e+01
7.023000000000000576e+00
3.764699999999999847e+01
1.032500000000000107e+01
1.665099999999999980e+01
1.289100000000000001e+01
1.941799999999999926e+01
